heur058_n_300_m_4010
1 4
1 153
2 16
2 27
2 60
2 95
2 103
2 111
2 116
2 152
2 156
2 169
2 178
2 200
2 225
2 233
2 243
2 261
2 277
3 101
5 12
5 16
5 23
5 24
5 42
5 88
5 90
5 110
5 116
5 121
5 154
5 155
5 156
5 157
5 198
5 205
5 207
5 229
5 252
5 261
5 262
5 297
5 299
6 53
6 67
6 88
6 94
6 106
6 132
6 135
6 200
6 252
6 253
6 269
6 289
6 298
7 32
7 67
7 153
7 249
7 277
9 15
9 55
9 66
9 71
9 85
9 137
9 158
9 162
9 163
9 166
9 173
9 184
9 185
9 188
9 218
9 221
9 232
9 256
9 260
9 268
9 272
9 284
10 31
10 71
10 85
10 120
10 158
10 162
10 215
10 256
10 280
11 47
11 54
11 113
11 121
11 152
11 229
11 251
11 252
11 253
11 264
11 266
11 274
11 289
12 14
12 20
12 60
12 62
12 81
12 111
12 115
12 116
12 124
12 143
12 152
12 169
12 178
12 191
12 193
12 213
12 225
12 230
12 233
12 243
12 261
12 277
12 289
13 82
13 231
14 16
14 60
14 88
14 104
14 113
14 121
14 154
14 169
14 205
14 210
14 213
14 251
14 262
14 266
14 269
14 270
14 271
14 274
14 288
14 297
14 299
15 39
15 55
15 59
15 71
15 73
15 123
15 147
15 158
15 162
15 173
15 185
15 188
15 190
15 196
15 208
15 218
15 221
15 232
15 255
15 256
15 285
15 287
15 293
16 17
16 47
16 60
16 111
16 146
16 152
16 155
16 156
16 176
16 181
16 203
16 220
16 226
16 234
16 242
16 276
16 277
16 282
16 286
17 20
17 23
17 24
17 27
17 36
17 62
17 78
17 88
17 95
17 110
17 113
17 121
17 154
17 169
17 204
17 205
17 210
17 213
17 229
17 235
17 251
17 252
17 253
17 266
17 269
17 270
17 271
17 274
17 282
17 295
18 116
19 136
19 178
20 42
20 60
20 67
20 81
20 89
20 90
20 103
20 111
20 112
20 152
20 172
20 180
20 181
20 198
20 199
20 200
20 201
20 204
20 205
20 207
20 210
20 225
20 242
20 264
20 275
20 279
20 282
20 295
20 299
21 187
22 229
23 26
23 35
23 47
23 50
23 60
23 67
23 81
23 103
23 108
23 111
23 116
23 119
23 146
23 152
23 155
23 158
23 169
23 176
23 213
23 220
23 223
23 226
23 233
23 243
23 292
24 47
24 104
24 112
24 118
24 122
24 127
24 146
24 156
24 157
24 202
24 203
24 209
24 210
24 220
24 225
24 233
24 277
24 279
24 282
24 286
24 292
25 78
26 88
26 121
26 154
26 233
26 261
27 42
27 60
27 68
27 103
27 119
27 143
27 146
27 157
27 176
27 178
27 198
27 213
27 220
27 223
27 225
27 243
27 277
27 292
27 299
28 110
28 132
28 271
29 111
29 113
29 135
29 200
29 214
29 220
29 223
29 246
29 251
29 266
29 289
29 292
30 82
31 215
31 221
31 268
32 38
32 44
32 74
32 86
32 153
32 164
32 175
32 244
32 277
33 80
33 99
33 193
33 202
33 236
33 240
34 80
34 99
34 167
34 236
34 240
35 67
35 78
35 111
35 113
35 135
35 187
35 200
35 220
35 223
35 289
35 292
35 297
36 47
36 60
36 67
36 79
36 81
36 104
36 112
36 155
36 204
36 213
36 216
36 225
36 226
36 235
36 273
36 279
36 288
38 52
38 67
38 192
38 193
38 219
38 249
38 277
38 290
39 45
39 77
39 111
39 113
39 141
39 147
39 154
39 158
39 162
39 170
39 188
39 200
39 205
39 215
39 218
39 221
39 237
39 247
39 248
39 251
39 254
39 269
39 284
39 289
40 43
40 69
40 135
40 200
40 289
41 57
41 66
41 71
41 85
41 97
41 125
41 138
41 150
41 173
41 185
41 217
41 220
41 231
41 232
41 250
41 257
41 296
42 47
42 57
42 67
42 104
42 115
42 118
42 127
42 152
42 156
42 169
42 176
42 191
42 203
42 209
42 210
42 225
42 230
42 256
42 298
43 69
43 92
43 111
43 189
43 200
43 214
43 241
43 245
43 258
43 278
43 283
43 289
44 67
44 102
44 113
44 192
44 193
44 200
44 219
44 228
44 249
44 274
44 277
44 297
45 101
45 205
45 224
46 96
46 151
46 163
46 190
46 285
47 61
47 78
47 81
47 88
47 91
47 110
47 113
47 115
47 116
47 121
47 146
47 152
47 154
47 169
47 178
47 198
47 200
47 203
47 205
47 213
47 226
47 229
47 230
47 234
47 251
47 252
47 253
47 261
47 262
47 266
47 269
47 274
47 297
47 299
48 191
49 54
49 121
49 253
49 274
50 65
50 111
50 113
50 115
50 135
50 200
50 204
50 213
50 230
50 271
50 289
50 292
51 254
52 86
52 153
52 160
52 228
52 277
53 67
53 277
54 64
55 123
55 125
55 138
55 139
55 144
55 150
55 166
55 215
55 223
55 247
55 250
55 257
55 268
55 284
55 293
57 71
57 78
57 118
57 154
57 198
57 200
57 221
57 261
57 289
58 100
58 111
58 135
58 289
59 73
59 123
59 147
59 158
59 162
59 196
59 221
59 260
59 284
60 62
60 65
60 103
60 111
60 115
60 119
60 121
60 156
60 157
60 169
60 191
60 199
60 201
60 203
60 205
60 207
60 225
60 230
60 243
60 259
60 277
60 289
61 121
61 243
62 81
62 104
62 119
62 178
62 216
62 225
62 230
62 235
62 279
63 70
63 225
64 113
64 121
64 253
64 264
64 274
66 82
66 97
66 117
66 123
66 125
66 138
66 166
66 177
66 208
66 217
66 250
66 257
66 268
66 272
67 70
67 81
67 86
67 88
67 94
67 102
67 108
67 111
67 113
67 121
67 127
67 132
67 135
67 140
67 143
67 160
67 175
67 198
67 200
67 205
67 210
67 213
67 216
67 223
67 228
67 229
67 230
67 238
67 264
67 274
67 277
67 279
67 289
67 292
67 297
67 298
68 78
68 81
68 107
68 119
68 146
68 152
68 178
68 210
68 243
68 263
68 270
68 279
68 282
68 295
69 92
69 135
69 187
69 189
69 200
69 212
69 223
69 245
69 258
69 278
69 283
69 289
70 194
70 276
70 277
71 97
71 123
71 125
71 137
71 138
71 151
71 159
71 163
71 166
71 170
71 190
71 257
71 268
71 272
71 284
72 297
73 137
73 151
73 208
73 223
73 284
74 140
74 160
74 211
74 249
74 277
75 286
75 295
76 200
76 300
77 158
77 170
77 208
77 221
77 255
77 284
77 287
78 91
78 104
78 106
78 107
78 108
78 118
78 119
78 127
78 132
78 143
78 146
78 157
78 174
78 176
78 178
78 181
78 191
78 209
78 210
78 220
78 223
78 235
78 279
78 292
78 299
79 113
79 210
79 261
80 151
80 224
81 103
81 104
81 143
81 146
81 152
81 156
81 157
81 158
81 169
81 176
81 199
81 201
81 203
81 207
81 210
81 256
81 261
81 263
81 295
82 96
82 120
82 158
82 162
82 163
82 188
82 218
82 221
82 247
82 254
82 255
82 280
82 287
82 293
83 111
83 154
83 200
83 221
83 289
84 99
84 171
84 224
85 97
85 117
85 125
85 138
85 139
85 177
85 188
85 218
85 231
85 237
85 247
85 257
85 293
86 160
86 164
86 193
86 219
86 249
86 277
86 290
87 135
87 187
87 292
88 91
88 103
88 104
88 106
88 107
88 118
88 127
88 132
88 133
88 146
88 152
88 155
88 172
88 176
88 180
88 181
88 186
88 191
88 199
88 201
88 203
88 204
88 210
88 226
88 234
88 242
88 259
88 263
88 275
88 279
88 282
88 286
88 288
88 294
88 295
88 298
89 111
89 115
89 119
89 146
89 156
89 169
89 191
89 203
89 225
89 230
89 233
89 243
89 277
89 289
90 115
90 118
90 119
90 127
90 146
90 156
90 169
90 176
90 191
90 203
90 217
90 230
90 243
90 279
90 286
90 292
91 95
91 109
91 110
91 113
91 121
91 154
91 180
91 200
91 213
91 226
91 229
91 242
91 251
91 252
91 253
91 261
91 266
91 269
91 270
91 271
91 274
91 279
91 297
92 241
92 278
93 115
93 176
93 230
94 277
95 103
95 109
95 111
95 116
95 119
95 146
95 176
95 199
95 201
95 203
95 225
95 226
95 234
95 242
95 295
96 231
97 158
97 173
97 297
99 101
99 130
99 131
99 179
100 111
100 126
100 200
100 206
100 214
100 289
101 236
101 240
101 267
102 238
103 111
103 115
103 116
103 119
103 146
103 156
103 157
103 169
103 178
103 213
103 225
103 230
103 243
103 253
103 261
103 270
103 289
104 116
104 119
104 121
104 154
104 178
104 198
104 199
104 201
104 207
104 210
104 229
104 243
104 251
104 252
104 253
104 264
104 270
104 274
104 277
104 297
104 299
106 113
106 118
106 193
106 200
106 213
106 271
106 274
107 110
107 135
107 153
107 154
107 182
107 200
107 252
107 262
107 274
107 292
108 111
108 113
108 135
108 187
108 200
108 220
108 223
108 289
108 292
108 297
109 113
109 251
109 262
109 266
109 269
109 271
109 274
110 111
110 118
110 122
110 127
110 132
110 133
110 146
110 152
110 176
110 180
110 186
110 191
110 203
110 217
110 234
110 263
110 273
110 275
110 279
110 282
110 288
110 292
110 295
110 298
111 112
111 115
111 119
111 122
111 134
111 135
111 145
111 156
111 158
111 162
111 169
111 187
111 199
111 201
111 207
111 212
111 214
111 220
111 223
111 225
111 230
111 245
111 246
111 256
111 261
111 264
111 270
111 277
111 292
111 298
112 113
112 121
112 143
112 154
112 264
112 274
112 277
112 289
112 297
112 299
113 118
113 122
113 127
113 132
113 133
113 148
113 152
113 172
113 176
113 180
113 181
113 186
113 191
113 203
113 209
113 210
113 216
113 217
113 220
113 223
113 226
113 234
113 273
113 275
113 279
113 282
113 286
113 288
113 292
113 295
113 298
115 116
115 152
115 169
115 176
115 178
115 191
115 198
115 207
115 243
115 262
115 292
116 119
116 143
116 156
116 199
116 203
116 207
116 210
116 220
116 225
116 230
116 243
116 261
116 270
116 277
116 288
116 298
116 299
117 154
117 178
117 200
117 221
117 266
117 289
118 121
118 122
118 127
118 140
118 153
118 157
118 198
118 200
118 207
118 229
118 252
118 253
118 262
118 264
118 266
118 271
118 274
118 289
118 297
118 298
119 143
119 152
119 157
119 169
119 176
119 178
119 199
119 201
119 204
119 207
119 209
119 225
119 261
119 263
119 266
119 269
119 277
119 289
119 295
119 298
120 123
120 137
120 151
120 159
120 166
120 190
120 221
120 272
121 127
121 132
121 133
121 146
121 152
121 155
121 172
121 176
121 180
121 181
121 186
121 193
121 203
121 204
121 220
121 223
121 226
121 233
121 234
121 242
121 273
121 275
121 277
121 279
121 282
121 286
121 292
121 295
121 298
122 127
122 193
122 200
122 202
122 264
122 266
122 271
122 289
123 158
123 159
123 162
123 166
123 173
123 185
123 190
123 221
123 232
123 256
123 260
123 272
123 284
124 262
124 264
125 158
125 162
125 173
125 185
125 221
125 232
126 135
126 223
126 292
127 153
127 154
127 198
127 200
127 213
127 252
127 253
127 262
127 264
127 266
127 271
127 274
127 297
127 298
128 150
128 162
128 173
128 221
130 236
131 224
132 154
132 200
132 213
132 229
132 243
132 251
132 252
132 253
132 262
132 264
132 266
132 269
132 271
132 273
132 274
132 277
132 289
133 154
133 157
133 186
133 229
133 243
133 251
133 252
133 253
133 266
133 269
133 274
134 289
135 189
135 200
135 206
135 229
135 245
135 251
135 258
135 261
135 274
135 278
135 283
135 289
136 178
137 147
137 158
137 162
137 173
137 188
137 218
137 221
137 255
137 256
137 287
137 293
138 158
138 185
138 221
138 232
138 256
139 158
139 185
139 232
140 194
140 211
140 219
142 289
143 146
143 152
143 178
143 210
143 243
143 279
144 158
144 173
144 200
144 221
144 232
145 158
145 200
145 289
146 154
146 157
146 169
146 191
146 200
146 252
146 261
146 262
146 264
146 266
146 269
146 271
146 274
146 297
146 299
147 151
147 158
147 163
147 170
147 190
147 196
147 208
147 260
147 284
147 285
148 158
148 162
148 163
148 170
148 215
148 221
148 256
148 268
148 285
148 289
150 158
150 232
151 158
151 208
151 221
151 255
151 287
152 154
152 155
152 156
152 176
152 198
152 205
152 213
152 226
152 229
152 251
152 252
152 253
152 261
152 264
152 266
152 269
152 270
152 271
152 274
152 275
152 299
153 211
153 228
153 249
153 277
153 290
154 155
154 158
154 172
154 176
154 180
154 181
154 183
154 186
154 188
154 191
154 203
154 210
154 217
154 218
154 221
154 226
154 233
154 234
154 237
154 242
154 250
154 259
154 263
154 275
154 279
154 282
154 286
154 288
154 294
154 295
154 298
155 169
155 176
155 205
155 226
155 242
155 261
155 270
155 297
156 178
156 198
156 199
156 200
156 201
156 207
156 213
156 216
156 225
156 226
156 243
156 261
156 262
156 263
156 277
156 286
156 289
156 295
156 297
157 169
157 178
157 225
157 279
157 294
158 159
158 166
158 190
158 196
158 208
158 215
158 217
158 231
158 255
158 257
158 260
158 268
158 272
158 280
158 284
158 285
158 287
158 289
159 162
159 221
159 255
159 256
159 268
159 280
159 287
160 169
160 192
160 194
160 219
160 253
160 276
160 277
162 166
162 170
162 190
162 257
162 260
162 268
162 272
162 284
162 289
163 166
163 196
163 200
163 260
163 268
163 270
163 272
164 192
164 193
164 219
164 249
164 290
166 170
166 173
166 185
166 196
166 205
166 215
166 221
166 232
166 255
166 256
166 268
166 287
166 289
168 276
168 277
169 178
169 181
169 193
169 198
169 199
169 201
169 207
169 226
169 230
169 234
169 243
169 261
169 279
169 295
170 173
170 208
170 221
170 256
170 268
170 272
172 234
172 251
172 252
172 253
172 266
172 269
172 271
172 274
173 215
173 257
173 260
173 272
173 284
173 293
173 297
174 200
174 223
174 274
174 292
175 192
175 249
175 277
176 191
176 198
176 200
176 205
176 225
176 229
176 230
176 251
176 252
176 253
176 266
176 269
176 271
176 274
176 297
178 180
178 199
178 200
178 201
178 203
178 210
178 213
178 225
178 230
178 243
178 270
178 277
179 224
180 191
180 205
180 213
180 229
180 243
180 251
180 252
180 253
180 266
180 269
180 271
180 274
180 279
180 297
181 203
181 205
181 226
181 251
181 252
181 253
181 259
181 269
184 221
184 223
184 289
185 215
185 237
185 257
185 284
185 293
186 251
186 252
186 253
186 259
186 262
186 266
186 269
186 271
186 274
187 200
187 214
187 220
187 278
187 289
188 200
188 208
188 255
188 260
188 268
188 272
188 284
189 200
189 289
190 196
190 215
190 221
190 231
190 268
191 198
191 200
191 205
191 207
191 213
191 230
191 251
191 253
191 262
191 264
191 266
191 269
191 271
191 274
191 297
191 299
192 200
192 207
192 211
192 228
192 244
192 277
192 297
193 200
193 205
193 211
193 228
193 274
193 277
193 297
194 200
194 211
194 249
194 277
195 288
195 291
196 209
196 284
196 285
198 203
198 209
198 210
198 225
198 230
198 256
198 298
199 230
199 233
199 243
199 289
200 209
200 214
200 216
200 218
200 220
200 222
200 223
200 231
200 237
200 245
200 246
200 250
200 256
200 258
200 279
200 283
200 286
200 292
200 296
200 298
200 299
201 225
201 230
201 243
201 289
202 264
203 205
203 213
203 229
203 234
203 251
203 252
203 253
203 262
203 264
203 266
203 269
203 271
203 274
203 297
204 270
204 292
205 209
205 210
205 234
205 246
205 263
205 273
205 275
205 279
205 286
205 292
205 295
206 223
206 292
207 210
207 213
207 225
207 229
207 230
207 243
207 253
207 261
207 270
207 286
207 289
208 218
208 221
208 237
208 256
208 268
208 274
208 284
208 289
209 225
209 253
209 262
209 264
209 297
210 229
210 251
210 252
210 253
210 262
210 266
210 269
210 271
210 274
210 277
210 295
210 297
210 299
211 219
212 214
212 220
212 223
212 278
212 292
213 225
213 226
213 234
213 242
213 275
213 279
213 298
214 218
214 222
214 245
214 246
214 265
214 289
215 221
215 260
216 252
216 266
216 269
216 274
216 300
217 229
217 251
217 264
217 266
217 269
217 271
218 255
218 260
218 268
218 272
218 284
218 287
219 274
219 277
220 226
220 242
220 245
220 246
220 252
220 253
220 262
220 271
220 274
220 277
220 289
220 297
221 231
221 232
221 237
221 257
221 260
221 268
221 272
221 280
221 284
221 299
222 245
222 289
222 292
223 245
223 246
223 253
223 261
223 262
223 266
223 271
223 274
223 289
223 297
225 243
225 277
225 289
226 259
226 261
226 262
226 264
226 297
226 299
228 244
228 277
229 263
229 275
229 279
229 281
229 286
229 288
229 295
229 298
230 243
230 262
230 292
230 299
231 256
231 285
232 237
232 257
232 284
232 293
233 251
233 261
233 262
233 264
233 266
233 271
233 274
233 299
234 251
234 252
234 253
234 271
234 274
235 270
242 274
242 299
243 261
243 262
243 263
243 264
243 270
243 277
243 286
243 295
243 299
244 249
244 277
245 246
245 265
245 289
245 292
246 289
246 292
249 276
249 277
250 289
250 292
251 263
251 275
251 279
251 282
251 288
251 292
251 298
252 273
252 275
252 277
252 279
252 282
252 295
252 298
253 263
253 277
253 279
253 282
253 292
253 295
253 298
255 256
255 272
255 284
256 257
256 262
256 272
256 284
256 287
256 289
256 297
258 289
260 268
261 275
261 277
261 279
261 289
262 263
262 286
263 269
263 270
263 271
263 274
263 299
264 270
264 273
264 295
264 298
266 275
266 277
266 279
266 282
266 288
266 292
266 295
266 298
268 284
268 293
269 279
269 282
269 286
269 288
269 292
269 295
269 298
270 275
270 277
270 279
270 282
270 288
270 294
270 295
271 275
271 279
271 282
271 286
271 288
271 292
271 294
271 295
271 298
272 287
272 289
273 274
273 297
273 298
273 299
274 275
274 279
274 282
274 292
274 295
274 298
275 295
276 277
276 289
276 290
277 289
277 290
277 292
277 298
278 289
278 292
279 297
281 288
283 289
284 285
284 287
286 297
288 295
289 292
289 298
292 297
297 298
