heur044_n_300_m_3234
1 4
1 5
1 42
1 93
1 103
1 141
1 146
1 148
1 155
1 203
1 204
1 206
1 208
1 260
1 277
1 293
2 48
2 119
2 139
2 184
2 218
2 225
2 256
2 282
3 8
3 9
3 10
3 13
3 24
3 25
3 37
3 45
3 54
3 55
3 57
3 79
3 86
3 105
3 125
3 134
3 146
3 160
3 170
3 188
3 192
3 203
3 211
3 225
3 237
3 254
3 258
3 261
3 271
3 278
3 284
4 22
4 33
4 50
4 57
4 67
4 79
4 86
4 95
4 117
4 125
4 136
4 150
4 160
4 178
4 193
4 203
4 215
4 247
4 254
4 258
4 265
4 267
4 275
4 277
4 295
5 8
5 33
5 37
5 50
5 86
5 105
5 136
5 150
5 267
5 275
5 295
8 39
8 63
8 74
8 93
8 95
8 99
8 103
8 106
8 111
8 126
8 131
8 141
8 147
8 148
8 155
8 177
8 194
8 204
8 206
8 208
8 238
8 243
8 261
8 277
8 284
8 293
9 13
9 18
9 25
9 39
9 56
10 11
10 22
10 47
10 48
10 51
10 55
10 95
10 126
10 131
10 134
10 140
10 144
10 147
10 167
10 173
10 177
10 193
10 194
10 203
10 206
10 208
10 218
10 237
10 241
10 253
10 256
10 261
10 265
10 284
10 289
11 13
11 54
11 57
11 67
11 160
11 188
11 192
11 211
11 258
11 271
11 275
11 277
11 278
12 58
12 143
12 147
12 238
12 256
13 39
13 46
13 48
13 55
13 93
13 95
13 99
13 106
13 111
13 134
13 136
13 146
13 147
13 151
13 177
13 193
13 218
13 260
13 292
14 202
15 38
15 85
15 130
15 143
15 187
15 205
15 264
15 287
15 291
17 26
17 56
18 159
18 167
18 179
18 190
18 237
18 239
18 246
19 33
19 39
19 67
19 95
19 117
19 150
19 178
19 193
19 215
19 247
19 256
19 265
19 275
19 277
19 295
20 58
20 251
21 22
21 67
21 95
21 99
21 110
21 136
21 147
21 178
21 193
21 203
21 241
21 247
21 265
21 277
21 295
22 31
22 57
22 62
22 67
22 93
22 103
22 141
22 146
22 148
22 155
22 177
22 188
22 199
22 204
22 206
22 208
22 211
22 223
22 231
22 240
22 255
22 272
22 277
22 278
22 286
22 293
22 296
23 48
23 123
23 147
23 218
23 256
23 300
24 59
24 67
25 29
25 39
25 42
25 51
25 55
25 59
25 63
25 74
25 77
25 93
25 94
25 95
25 99
25 104
25 106
25 111
25 123
25 126
25 134
25 140
25 149
25 162
25 170
25 177
25 194
25 200
25 204
25 206
25 208
25 218
25 222
25 241
25 243
25 260
25 292
25 293
26 51
26 55
26 73
26 97
26 102
26 140
26 183
26 222
26 237
26 239
26 279
26 292
28 187
29 74
29 203
29 254
29 296
30 168
31 33
31 39
31 48
31 74
31 82
31 90
31 95
31 99
31 106
31 110
31 111
31 123
31 134
31 136
31 139
31 140
31 147
31 150
31 177
31 178
31 193
31 206
31 218
31 225
31 241
31 243
31 247
31 256
31 260
31 261
31 265
31 267
31 284
31 295
33 62
33 67
33 74
33 93
33 103
33 141
33 146
33 148
33 155
33 177
33 203
33 204
33 206
33 208
33 211
33 255
33 260
33 271
33 277
33 278
33 293
34 48
34 72
34 91
34 98
34 119
34 123
34 139
34 147
34 172
34 184
34 209
34 218
34 225
34 256
34 282
37 39
37 93
37 95
37 103
37 106
37 111
37 126
37 141
37 148
37 155
37 177
37 204
37 206
37 208
37 243
37 260
37 277
37 293
38 64
38 147
38 256
39 45
39 50
39 54
39 55
39 59
39 62
39 66
39 79
39 86
39 93
39 94
39 105
39 160
39 170
39 188
39 193
39 203
39 211
39 254
39 258
39 265
39 271
39 272
41 48
41 119
41 139
41 225
41 282
42 74
42 99
42 111
42 258
42 289
44 214
45 56
45 246
47 192
47 240
47 261
47 284
48 49
48 53
48 71
48 107
48 113
48 127
48 191
48 229
48 238
48 272
48 273
48 274
48 287
49 139
49 147
49 184
49 225
49 256
50 62
50 67
50 93
50 103
50 106
50 141
50 146
50 148
50 149
50 155
50 177
50 204
50 206
50 208
50 240
50 255
50 260
50 278
50 293
51 56
51 236
52 197
52 212
52 226
52 235
52 249
52 290
53 147
53 256
54 74
54 93
54 99
54 106
54 111
54 126
54 136
54 149
54 177
54 193
54 218
54 238
54 243
54 256
54 260
54 265
55 56
55 59
55 99
55 104
55 106
55 111
55 152
55 153
55 177
55 190
55 192
55 203
55 218
55 236
55 255
55 258
55 271
56 73
56 97
56 102
56 140
56 151
56 164
56 200
56 222
56 237
56 239
56 279
56 292
57 79
57 99
57 111
57 136
57 146
57 178
57 193
57 203
57 247
57 265
57 295
58 70
58 78
58 98
58 108
58 119
58 122
58 123
58 133
58 139
58 147
58 207
58 209
58 218
58 234
58 256
58 282
59 99
59 203
59 254
59 289
62 82
62 110
62 144
62 150
62 177
62 178
62 193
62 203
62 241
62 247
62 254
62 265
62 267
62 275
62 295
63 105
63 203
63 223
63 238
63 254
63 258
63 275
63 296
64 70
64 78
64 85
64 98
64 133
64 143
64 187
64 196
64 209
64 227
64 228
64 234
64 264
64 291
66 111
67 93
67 126
67 136
67 146
67 150
67 178
67 193
67 194
67 203
67 204
67 218
67 231
67 247
67 265
67 267
67 286
67 295
68 89
69 253
70 251
71 139
71 218
71 225
71 256
72 124
72 212
72 290
73 140
74 86
74 94
74 104
74 105
74 170
74 203
74 218
74 223
74 271
74 272
76 263
77 91
77 108
77 207
77 217
77 238
77 268
77 273
77 276
77 280
77 288
78 147
78 187
78 238
78 256
79 93
79 99
79 103
79 119
79 139
79 141
79 148
79 155
79 188
79 204
79 206
79 208
79 211
79 238
79 240
79 278
79 282
79 293
81 85
81 119
81 139
81 143
81 147
81 238
81 256
81 264
81 282
82 89
84 253
85 187
86 93
86 103
86 106
86 141
86 146
86 148
86 149
86 155
86 177
86 204
86 206
86 208
86 243
86 293
89 258
90 272
91 226
91 235
92 197
92 212
92 226
92 235
92 249
92 290
93 105
93 117
93 125
93 136
93 150
93 160
93 178
93 193
93 215
93 247
93 254
93 258
93 265
93 267
93 275
93 295
94 99
94 111
94 177
94 289
95 99
95 105
95 192
95 199
95 208
95 223
95 272
95 295
97 159
97 179
97 210
97 246
98 124
98 226
98 235
98 251
98 274
99 105
99 150
99 164
99 170
99 188
99 203
99 211
99 223
99 240
99 247
99 254
99 258
99 265
99 272
100 157
101 151
101 154
101 162
101 200
101 222
101 292
102 140
103 105
103 117
103 125
103 136
103 150
103 178
103 215
103 247
103 265
103 267
103 275
103 295
104 203
104 254
104 258
104 289
105 106
105 111
105 126
105 131
105 141
105 147
105 148
105 149
105 155
105 177
105 204
105 206
105 208
105 238
105 243
105 256
105 260
105 261
105 277
105 284
105 293
106 132
106 188
106 203
106 211
106 223
106 254
106 255
106 258
106 271
106 272
107 119
107 139
107 184
107 218
107 225
107 256
107 282
108 217
108 218
108 226
108 235
108 276
108 280
108 288
110 241
110 272
111 150
111 160
111 164
111 188
111 193
111 203
111 211
111 223
111 237
111 247
111 254
111 258
111 272
111 275
112 139
112 147
112 225
112 256
113 139
113 147
113 225
117 141
117 146
117 203
117 204
117 206
117 208
117 231
117 240
117 255
117 277
117 293
119 124
119 127
119 238
119 249
119 251
119 273
119 274
120 224
121 123
121 184
122 143
122 147
122 238
122 256
123 124
123 166
123 177
123 221
123 231
123 238
123 249
123 251
123 254
123 258
123 272
123 273
123 274
124 139
124 147
124 172
124 209
124 256
124 282
125 148
125 151
125 204
125 206
125 208
125 240
125 248
125 261
125 278
125 293
125 296
126 192
126 194
126 277
126 278
127 139
127 147
127 218
127 225
127 256
127 282
130 143
130 147
130 187
130 238
130 256
132 160
132 177
133 251
134 192
134 199
134 271
134 272
134 296
136 146
136 148
136 188
136 203
136 204
136 206
136 208
136 211
136 231
136 240
136 255
136 258
136 272
136 277
136 278
136 293
136 296
138 154
138 162
138 183
138 200
139 177
139 197
139 211
139 212
139 229
139 238
139 249
139 251
139 272
139 273
139 274
139 290
140 177
140 192
140 236
140 258
140 272
141 150
141 178
141 215
141 247
141 265
141 267
141 275
141 295
142 177
143 205
143 287
146 150
146 178
146 188
146 193
146 203
146 211
146 215
146 247
146 260
146 265
146 267
146 275
146 277
146 295
147 166
147 177
147 197
147 212
147 220
147 229
147 238
147 240
147 249
147 255
147 258
147 271
147 272
147 273
147 274
147 287
147 290
147 294
148 150
148 178
148 215
148 247
148 265
148 267
148 275
148 295
149 150
149 170
149 203
149 204
149 254
149 275
149 295
149 296
150 155
150 203
150 204
150 206
150 208
150 255
150 260
150 286
150 293
151 152
151 190
151 236
152 153
152 154
152 162
152 200
152 222
152 279
152 292
153 159
153 167
153 179
153 190
153 237
153 246
154 159
154 179
154 246
155 178
155 215
155 247
155 265
155 267
155 275
155 295
156 212
156 290
159 162
159 200
160 173
160 177
160 193
160 208
160 260
160 261
160 265
160 284
160 289
162 236
162 270
162 271
164 190
166 218
166 225
166 256
167 192
170 177
170 203
170 289
170 296
171 227
171 228
171 234
172 212
172 290
173 192
173 223
173 271
177 188
177 203
177 210
177 211
177 218
177 222
177 223
177 226
177 231
177 237
177 254
177 255
177 265
177 271
177 272
177 275
177 278
177 279
177 286
177 295
177 296
178 188
178 192
178 199
178 203
178 204
178 206
178 208
178 211
178 223
178 231
178 240
178 255
178 258
178 271
178 277
178 286
178 293
178 296
179 183
179 210
183 190
183 245
183 246
183 270
184 238
184 249
184 273
184 274
185 238
187 205
187 228
187 234
187 287
188 193
188 215
188 231
188 243
188 247
188 265
188 284
188 295
188 296
189 212
189 290
190 200
190 222
190 279
190 292
191 225
192 193
192 194
192 203
192 218
192 237
192 241
192 261
192 265
192 284
193 199
193 203
193 211
193 215
193 223
193 231
193 240
193 254
193 255
193 258
193 260
193 271
193 272
193 277
193 278
193 286
193 293
193 296
197 218
197 256
198 263
199 204
199 261
199 265
200 236
200 271
203 231
203 240
203 243
203 255
203 260
203 265
203 267
203 275
203 277
203 278
203 289
203 295
203 296
204 215
204 247
204 254
204 258
204 265
204 267
204 275
204 295
205 256
206 215
206 247
206 258
206 265
206 267
206 275
206 295
207 217
207 218
207 226
207 235
207 276
207 280
207 288
208 215
208 223
208 247
208 254
208 258
208 265
208 267
208 275
208 295
209 226
209 235
209 251
209 274
210 215
210 246
211 215
211 241
211 243
211 265
211 289
211 295
212 217
212 256
212 276
213 225
215 218
215 231
215 277
215 278
215 293
217 290
218 220
218 229
218 231
218 238
218 240
218 249
218 254
218 255
218 258
218 271
218 272
218 273
218 274
218 287
220 225
220 256
222 236
223 260
223 265
223 289
225 229
225 238
225 249
225 260
225 273
225 274
226 235
226 268
226 280
226 288
228 238
229 256
231 247
231 265
231 267
231 275
231 277
231 278
235 280
235 288
236 279
238 256
238 282
238 287
240 247
240 256
240 265
240 267
241 272
243 254
243 258
243 265
243 271
243 272
243 296
245 246
246 270
247 255
247 278
247 293
247 296
249 256
249 282
251 282
254 260
254 277
255 265
255 267
255 275
255 277
256 258
256 271
256 272
256 273
256 274
256 287
256 290
256 295
258 260
260 267
260 272
260 275
260 295
260 296
261 272
261 286
265 271
265 272
265 277
265 278
265 286
265 293
267 277
267 278
267 286
267 293
271 295
272 284
272 295
273 282
274 282
275 293
276 290
277 286
277 295
278 296
293 295
