heur046_n_300_m_13150
1 5
1 11
1 23
1 45
1 101
1 108
1 116
1 148
1 152
1 154
1 155
1 156
1 164
1 165
1 166
1 179
1 184
1 189
1 190
1 197
1 207
1 217
1 226
1 232
1 235
1 236
1 241
1 244
1 245
1 268
1 276
2 3
2 15
2 28
2 48
2 64
2 72
2 77
2 79
2 80
2 81
2 98
2 108
2 119
2 121
2 123
2 124
2 136
2 139
2 143
2 147
2 149
2 166
2 172
2 177
2 184
2 185
2 205
2 207
2 209
2 211
2 218
2 220
2 225
2 226
2 238
2 244
2 256
2 282
2 296
2 300
3 11
3 14
3 23
3 30
3 34
3 41
3 49
3 52
3 71
3 84
3 89
3 91
3 92
3 97
3 107
3 108
3 109
3 112
3 113
3 115
3 121
3 124
3 138
3 141
3 153
3 154
3 156
3 158
3 161
3 162
3 165
3 168
3 183
3 185
3 187
3 189
3 190
3 191
3 197
3 202
3 207
3 217
3 220
3 228
3 230
3 232
3 234
3 236
3 241
3 262
3 266
3 274
3 276
3 297
3 298
4 9
4 11
4 17
4 18
4 24
4 36
4 42
4 45
4 51
4 58
4 59
4 63
4 68
4 72
4 77
4 82
4 89
4 90
4 93
4 94
4 98
4 103
4 104
4 116
4 119
4 123
4 131
4 132
4 139
4 141
4 144
4 149
4 151
4 153
4 162
4 164
4 167
4 169
4 170
4 172
4 184
4 198
4 200
4 204
4 206
4 209
4 210
4 218
4 226
4 238
4 239
4 241
4 242
4 243
4 245
4 248
4 265
4 270
4 277
4 279
4 282
4 287
4 292
4 293
5 8
5 10
5 25
5 33
5 37
5 50
5 54
5 79
5 86
5 93
5 103
5 105
5 117
5 125
5 136
5 141
5 150
5 155
5 178
5 193
5 199
5 204
5 206
5 208
5 215
5 223
5 247
5 254
5 258
5 265
5 267
5 275
5 283
5 293
5 295
6 185
7 145
7 192
8 11
8 14
8 23
8 26
8 30
8 34
8 35
8 45
8 52
8 60
8 69
8 70
8 81
8 82
8 89
8 90
8 91
8 92
8 101
8 109
8 113
8 116
8 121
8 122
8 133
8 138
8 144
8 148
8 154
8 155
8 161
8 165
8 166
8 168
8 179
8 183
8 190
8 196
8 197
8 220
8 232
8 234
8 235
8 236
8 241
8 246
8 251
8 266
8 268
8 273
8 280
8 288
8 294
8 298
8 300
9 26
9 36
9 42
9 46
9 47
9 52
9 56
9 58
9 68
9 72
9 73
9 79
9 84
9 92
9 94
9 97
9 98
9 101
9 102
9 110
9 114
9 121
9 124
9 132
9 136
9 138
9 152
9 154
9 155
9 159
9 165
9 172
9 173
9 178
9 179
9 183
9 190
9 198
9 209
9 215
9 235
9 236
9 238
9 242
9 246
9 266
9 277
9 280
9 287
9 288
9 293
10 11
10 14
10 23
10 26
10 35
10 52
10 56
10 60
10 66
10 68
10 69
10 82
10 84
10 88
10 89
10 90
10 91
10 92
10 97
10 101
10 108
10 113
10 116
10 121
10 122
10 124
10 138
10 144
10 148
10 152
10 154
10 155
10 156
10 159
10 161
10 166
10 179
10 183
10 189
10 190
10 197
10 198
10 207
10 212
10 213
10 217
10 220
10 221
10 235
10 236
10 241
10 242
10 266
10 268
10 273
10 276
10 294
10 297
11 13
11 19
11 21
11 22
11 25
11 31
11 33
11 36
11 37
11 47
11 50
11 54
11 57
11 62
11 67
11 79
11 86
11 93
11 99
11 105
11 106
11 111
11 117
11 125
11 126
11 131
11 136
11 146
11 148
11 150
11 160
11 177
11 178
11 188
11 192
11 194
11 199
11 203
11 204
11 206
11 210
11 211
11 215
11 218
11 223
11 231
11 240
11 247
11 254
11 255
11 258
11 260
11 261
11 265
11 267
11 271
11 272
11 275
11 277
11 278
11 284
11 286
11 293
11 295
11 296
12 25
12 29
12 34
12 46
12 48
12 52
12 58
12 62
12 63
12 72
12 92
12 98
12 108
12 111
12 119
12 121
12 123
12 124
12 139
12 147
12 148
12 156
12 171
12 172
12 184
12 185
12 189
12 207
12 209
12 218
12 221
12 225
12 238
12 247
12 254
12 256
12 258
12 267
12 270
12 273
12 274
12 282
12 287
13 14
13 17
13 23
13 24
13 26
13 34
13 36
13 52
13 53
13 56
13 60
13 68
13 71
13 73
13 81
13 82
13 84
13 89
13 90
13 91
13 92
13 97
13 102
13 108
13 113
13 122
13 124
13 130
13 138
13 144
13 148
13 155
13 156
13 159
13 161
13 163
13 165
13 166
13 179
13 185
13 187
13 189
13 190
13 191
13 197
13 198
13 207
13 213
13 217
13 227
13 228
13 235
13 241
13 242
13 251
13 264
13 268
13 273
13 274
13 276
13 280
13 288
14 19
14 21
14 22
14 25
14 31
14 33
14 45
14 47
14 48
14 50
14 51
14 54
14 57
14 60
14 62
14 66
14 68
14 69
14 74
14 79
14 82
14 84
14 88
14 89
14 90
14 95
14 99
14 105
14 106
14 110
14 111
14 116
14 123
14 125
14 131
14 138
14 144
14 146
14 159
14 160
14 161
14 164
14 167
14 177
14 179
14 188
14 192
14 193
14 198
14 202
14 203
14 211
14 215
14 231
14 236
14 238
14 241
14 242
14 245
14 246
14 248
14 253
14 254
14 255
14 258
14 261
14 262
14 266
14 271
14 272
14 275
14 278
14 284
14 289
14 295
14 296
15 28
15 30
15 41
15 46
15 48
15 52
15 58
15 86
15 92
15 98
15 119
15 121
15 123
15 124
15 139
15 147
15 171
15 184
15 209
15 212
15 225
15 226
15 238
15 249
15 256
15 268
15 273
15 282
15 287
15 290
16 219
16 299
17 21
17 24
17 25
17 26
17 31
17 42
17 46
17 48
17 56
17 58
17 67
17 72
17 73
17 93
17 97
17 98
17 101
17 102
17 103
17 104
17 119
17 123
17 126
17 132
17 134
17 136
17 138
17 139
17 141
17 146
17 147
17 149
17 152
17 154
17 159
17 170
17 172
17 173
17 178
17 179
17 183
17 188
17 190
17 194
17 204
17 206
17 208
17 209
17 211
17 218
17 223
17 225
17 226
17 231
17 236
17 240
17 243
17 246
17 248
17 253
17 254
17 255
17 256
17 258
17 262
17 271
17 272
17 277
17 282
17 286
17 287
17 293
17 296
17 298
18 24
18 26
18 33
18 36
18 46
18 48
18 56
18 57
18 58
18 59
18 67
18 68
18 72
18 77
18 88
18 93
18 97
18 98
18 101
18 103
18 121
18 126
18 134
18 136
18 138
18 141
18 147
18 152
18 154
18 159
18 160
18 161
18 172
18 173
18 178
18 179
18 183
18 185
18 190
18 193
18 204
18 206
18 208
18 209
18 215
18 226
18 231
18 236
18 246
18 248
18 253
18 265
18 277
18 287
18 293
19 23
19 26
19 36
19 45
19 60
19 68
19 69
19 77
19 82
19 84
19 88
19 89
19 90
19 97
19 103
19 108
19 116
19 122
19 138
19 144
19 153
19 154
19 155
19 161
19 166
19 179
19 187
19 196
19 197
19 198
19 202
19 207
19 220
19 241
19 242
19 251
19 266
19 270
19 294
19 298
20 23
20 28
20 46
20 47
20 54
20 58
20 78
20 85
20 95
20 98
20 108
20 109
20 123
20 124
20 143
20 171
20 187
20 188
20 207
20 218
20 226
20 228
20 235
20 238
20 240
20 268
20 278
20 287
20 289
20 291
21 24
21 26
21 35
21 36
21 42
21 52
21 59
21 66
21 68
21 69
21 81
21 82
21 84
21 88
21 89
21 90
21 92
21 94
21 97
21 98
21 104
21 109
21 116
21 132
21 144
21 148
21 155
21 162
21 179
21 184
21 198
21 209
21 213
21 241
21 242
21 245
21 266
21 287
22 26
22 35
22 38
22 46
22 52
22 56
22 60
22 66
22 70
22 84
22 85
22 89
22 91
22 92
22 94
22 97
22 101
22 109
22 122
22 130
22 132
22 133
22 148
22 154
22 155
22 156
22 159
22 161
22 167
22 173
22 179
22 183
22 189
22 196
22 226
22 235
22 236
22 241
22 264
22 266
22 268
23 25
23 28
23 29
23 30
23 31
23 33
23 37
23 39
23 46
23 47
23 48
23 50
23 54
23 57
23 58
23 59
23 60
23 63
23 64
23 70
23 72
23 74
23 77
23 81
23 86
23 94
23 95
23 98
23 105
23 106
23 109
23 119
23 122
23 123
23 125
23 130
23 131
23 132
23 133
23 136
23 139
23 140
23 147
23 160
23 164
23 166
23 170
23 172
23 177
23 180
23 184
23 188
23 192
23 193
23 199
23 203
23 205
23 209
23 211
23 212
23 218
23 220
23 221
23 223
23 225
23 226
23 227
23 231
23 234
23 238
23 240
23 243
23 247
23 251
23 254
23 255
23 256
23 258
23 260
23 265
23 271
23 272
23 273
23 274
23 278
23 282
23 286
23 287
23 289
23 290
23 294
23 295
23 296
23 300
24 33
24 34
24 36
24 45
24 46
24 47
24 48
24 58
24 62
24 72
24 77
24 98
24 103
24 110
24 116
24 119
24 132
24 134
24 136
24 139
24 141
24 146
24 147
24 148
24 153
24 159
24 160
24 162
24 164
24 167
24 169
24 172
24 173
24 178
24 184
24 193
24 197
24 200
24 206
24 209
24 210
24 215
24 218
24 222
24 223
24 225
24 226
24 237
24 239
24 240
24 245
24 246
24 248
24 253
24 254
24 256
24 261
24 267
24 270
24 282
24 284
24 286
24 287
24 295
24 296
25 34
25 52
25 60
25 70
25 78
25 81
25 82
25 84
25 85
25 89
25 90
25 91
25 92
25 97
25 107
25 108
25 109
25 113
25 115
25 121
25 124
25 130
25 133
25 138
25 148
25 155
25 156
25 161
25 179
25 183
25 187
25 189
25 190
25 198
25 202
25 205
25 207
25 217
25 227
25 228
25 232
25 234
25 235
25 241
25 251
25 268
25 273
25 276
25 280
25 288
25 294
25 298
26 27
26 31
26 45
26 49
26 50
26 51
26 54
26 55
26 62
26 73
26 79
26 102
26 105
26 117
26 125
26 140
26 146
26 151
26 153
26 162
26 164
26 167
26 169
26 186
26 192
26 195
26 200
26 202
26 210
26 215
26 222
26 237
26 239
26 240
26 241
26 245
26 254
26 255
26 258
26 261
26 265
26 270
26 271
26 272
26 279
26 284
26 292
27 55
27 56
27 148
27 169
28 30
28 54
28 58
28 64
28 71
28 98
28 108
28 119
28 130
28 139
28 143
28 171
28 188
28 193
28 207
28 211
28 213
28 221
28 227
28 238
28 249
28 251
28 282
28 287
28 291
29 34
29 45
29 46
29 47
29 52
29 58
29 66
29 70
29 78
29 81
29 82
29 92
29 103
29 109
29 113
29 116
29 121
29 122
29 138
29 148
29 152
29 154
29 156
29 157
29 166
29 167
29 189
29 190
29 206
29 217
29 220
29 230
29 232
29 235
29 236
29 241
29 242
29 246
29 249
29 253
29 261
29 266
29 273
29 274
29 276
29 277
29 298
30 37
30 48
30 60
30 64
30 77
30 85
30 91
30 98
30 105
30 106
30 119
30 121
30 123
30 130
30 136
30 139
30 143
30 147
30 149
30 166
30 168
30 171
30 184
30 187
30 205
30 209
30 218
30 225
30 227
30 228
30 235
30 256
30 272
30 282
30 287
30 291
30 295
30 300
31 34
31 35
31 46
31 52
31 60
31 66
31 68
31 69
31 82
31 84
31 88
31 89
31 90
31 91
31 92
31 97
31 101
31 108
31 109
31 116
31 121
31 124
31 138
31 144
31 148
31 153
31 154
31 155
31 156
31 159
31 161
31 165
31 166
31 179
31 183
31 189
31 196
31 197
31 198
31 202
31 207
31 212
31 217
31 220
31 235
31 241
31 242
31 251
31 262
31 266
31 273
31 274
31 276
31 280
31 288
31 290
31 294
31 297
31 298
33 36
33 45
33 46
33 52
33 58
33 89
33 92
33 97
33 108
33 109
33 116
33 121
33 148
33 152
33 154
33 155
33 159
33 179
33 197
33 207
33 232
33 235
33 236
33 242
33 266
33 268
33 298
34 36
34 37
34 38
34 48
34 58
34 59
34 63
34 70
34 72
34 74
34 77
34 78
34 79
34 81
34 86
34 98
34 99
34 105
34 111
34 119
34 122
34 123
34 130
34 131
34 132
34 133
34 139
34 143
34 146
34 147
34 149
34 159
34 166
34 170
34 172
34 177
34 181
34 184
34 185
34 187
34 188
34 192
34 196
34 197
34 203
34 205
34 209
34 211
34 213
34 218
34 220
34 221
34 222
34 225
34 226
34 228
34 234
34 238
34 240
34 243
34 244
34 251
34 253
34 256
34 258
34 260
34 264
34 279
34 282
34 287
35 37
35 39
35 54
35 62
35 71
35 74
35 79
35 95
35 105
35 117
35 125
35 131
35 134
35 136
35 146
35 149
35 160
35 173
35 177
35 178
35 192
35 194
35 208
35 215
35 231
35 252
35 261
35 266
35 272
35 275
35 278
35 284
35 296
36 41
36 45
36 46
36 47
36 48
36 50
36 58
36 62
36 72
36 74
36 77
36 86
36 93
36 94
36 95
36 97
36 98
36 103
36 110
36 119
36 123
36 124
36 126
36 131
36 132
36 134
36 139
36 141
36 150
36 153
36 162
36 166
36 167
36 169
36 172
36 178
36 193
36 199
36 200
36 204
36 206
36 208
36 209
36 211
36 223
36 225
36 226
36 231
36 240
36 245
36 247
36 248
36 253
36 254
36 255
36 256
36 258
36 265
36 267
36 282
36 286
36 287
36 289
36 293
36 295
37 45
37 52
37 60
37 66
37 70
37 78
37 81
37 89
37 90
37 91
37 92
37 101
37 108
37 109
37 113
37 116
37 122
37 130
37 133
37 138
37 144
37 148
37 154
37 155
37 161
37 165
37 166
37 179
37 190
37 196
37 197
37 207
37 220
37 228
37 234
37 235
37 236
37 241
37 251
37 266
37 268
37 279
37 280
37 288
37 294
37 298
37 300
38 46
38 48
38 52
38 58
38 72
38 77
38 92
38 98
38 119
38 121
38 123
38 139
38 147
38 160
38 168
38 172
38 184
38 185
38 188
38 209
38 211
38 218
38 225
38 238
38 256
38 271
38 282
38 287
38 291
39 41
39 47
39 49
39 52
39 66
39 68
39 70
39 71
39 72
39 73
39 82
39 89
39 92
39 97
39 102
39 107
39 108
39 109
39 112
39 113
39 115
39 121
39 124
39 130
39 138
39 144
39 154
39 155
39 158
39 161
39 163
39 165
39 172
39 175
39 183
39 190
39 191
39 197
39 198
39 207
39 232
39 235
39 241
39 242
39 249
39 262
39 266
39 268
39 269
40 131
40 165
40 188
40 232
40 298
41 46
41 48
41 50
41 59
41 64
41 70
41 72
41 79
41 98
41 108
41 119
41 121
41 123
41 131
41 136
41 139
41 143
41 147
41 149
41 156
41 166
41 170
41 172
41 177
41 184
41 185
41 189
41 192
41 207
41 209
41 215
41 218
41 220
41 225
41 235
41 238
41 243
41 244
41 256
41 282
41 287
41 296
42 45
42 46
42 47
42 48
42 51
42 58
42 77
42 93
42 98
42 103
42 108
42 110
42 113
42 117
42 125
42 126
42 141
42 153
42 162
42 164
42 166
42 167
42 169
42 173
42 178
42 184
42 190
42 194
42 200
42 206
42 207
42 209
42 220
42 222
42 226
42 231
42 232
42 236
42 237
42 239
42 240
42 245
42 248
42 253
42 270
42 277
42 278
42 283
42 287
42 293
42 298
43 98
43 108
43 119
43 123
43 136
43 139
43 147
43 181
43 207
43 218
43 244
43 256
43 268
43 282
44 128
44 145
44 182
44 214
45 46
45 47
45 48
45 50
45 56
45 58
45 62
45 63
45 72
45 73
45 77
45 79
45 82
45 86
45 93
45 94
45 97
45 98
45 101
45 102
45 103
45 104
45 110
45 117
45 126
45 132
45 136
45 138
45 141
45 146
45 147
45 154
45 159
45 170
45 172
45 173
45 178
45 179
45 183
45 188
45 190
45 194
45 199
45 204
45 206
45 208
45 209
45 211
45 218
45 223
45 225
45 226
45 236
45 240
45 242
45 246
45 247
45 253
45 256
45 261
45 267
45 275
45 277
45 284
45 286
45 287
45 293
45 295
46 47
46 51
46 52
46 55
46 57
46 59
46 60
46 62
46 63
46 64
46 67
46 70
46 71
46 74
46 77
46 78
46 81
46 86
46 92
46 93
46 94
46 95
46 99
46 104
46 107
46 108
46 110
46 113
46 117
46 122
46 126
46 131
46 132
46 133
46 134
46 141
46 146
46 149
46 150
46 151
46 153
46 156
46 162
46 164
46 167
46 169
46 170
46 173
46 177
46 187
46 189
46 193
46 194
46 196
46 197
46 199
46 200
46 203
46 204
46 205
46 207
46 212
46 213
46 217
46 220
46 221
46 222
46 226
46 227
46 228
46 231
46 234
46 239
46 245
46 248
46 251
46 255
46 261
46 264
46 276
46 277
46 279
46 284
46 286
46 290
46 292
46 293
46 295
47 51
47 55
47 59
47 72
47 77
47 82
47 89
47 93
47 94
47 98
47 99
47 103
47 104
47 106
47 110
47 119
47 123
47 126
47 131
47 132
47 136
47 139
47 140
47 141
47 144
47 147
47 149
47 151
47 154
47 161
47 164
47 169
47 170
47 172
47 184
47 194
47 204
47 206
47 209
47 222
47 225
47 226
47 238
47 239
47 242
47 243
47 245
47 248
47 256
47 260
47 266
47 270
47 279
47 282
47 287
47 289
47 292
47 293
48 49
48 52
48 53
48 60
48 64
48 70
48 71
48 74
48 78
48 81
48 85
48 89
48 91
48 92
48 93
48 94
48 96
48 103
48 104
48 107
48 108
48 109
48 110
48 112
48 113
48 121
48 122
48 124
48 127
48 130
48 132
48 133
48 134
48 143
48 151
48 153
48 155
48 156
48 159
48 162
48 164
48 166
48 167
48 168
48 169
48 173
48 180
48 185
48 187
48 189
48 191
48 196
48 197
48 200
48 205
48 206
48 207
48 212
48 213
48 217
48 220
48 221
48 222
48 227
48 228
48 229
48 234
48 235
48 237
48 239
48 242
48 243
48 244
48 245
48 248
48 249
48 251
48 261
48 264
48 267
48 268
48 273
48 274
48 276
48 277
48 279
48 280
48 284
48 288
48 290
48 292
48 293
48 294
48 300
49 72
49 77
49 80
49 98
49 108
49 119
49 121
49 123
49 139
49 147
49 156
49 166
49 172
49 184
49 185
49 189
49 207
49 209
49 215
49 218
49 225
49 226
49 238
49 244
49 256
49 282
49 287
49 296
50 52
50 81
50 82
50 89
50 92
50 101
50 108
50 109
50 116
50 121
50 138
50 148
50 154
50 155
50 161
50 168
50 179
50 183
50 190
50 198
50 202
50 207
50 232
50 239
50 241
50 242
50 248
50 249
50 294
50 298
51 56
51 58
51 67
51 68
51 72
51 73
51 77
51 82
51 84
51 86
51 97
51 98
51 101
51 102
51 114
51 121
51 124
51 126
51 136
51 138
51 141
51 144
51 152
51 154
51 159
51 161
51 172
51 173
51 174
51 179
51 183
51 185
51 188
51 190
51 208
51 209
51 211
51 236
51 242
51 246
51 261
51 273
51 277
51 284
51 287
51 293
51 298
52 54
52 57
52 58
52 63
52 70
52 72
52 74
52 77
52 78
52 79
52 81
52 85
52 86
52 98
52 104
52 105
52 117
52 119
52 122
52 123
52 130
52 131
52 133
52 139
52 147
52 149
52 160
52 170
52 172
52 177
52 178
52 184
52 192
52 193
52 196
52 197
52 208
52 209
52 211
52 212
52 213
52 218
52 221
52 225
52 226
52 227
52 228
52 234
52 238
52 240
52 243
52 247
52 251
52 254
52 255
52 256
52 260
52 264
52 271
52 272
52 278
52 282
52 286
52 287
52 290
52 294
52 295
52 296
53 72
53 80
53 98
53 108
53 119
53 121
53 123
53 124
53 139
53 147
53 172
53 180
53 184
53 207
53 209
53 218
53 225
53 226
53 235
53 238
53 244
53 249
53 256
53 274
53 282
54 56
54 60
54 66
54 68
54 82
54 89
54 90
54 91
54 92
54 97
54 103
54 108
54 109
54 115
54 116
54 121
54 124
54 144
54 154
54 155
54 158
54 161
54 163
54 166
54 179
54 183
54 185
54 198
54 202
54 207
54 220
54 232
54 241
54 242
54 252
54 262
54 266
54 268
54 273
54 283
54 297
54 298
55 56
55 72
55 73
55 77
55 89
55 93
55 97
55 98
55 101
55 102
55 114
55 121
55 134
55 136
55 138
55 141
55 144
55 152
55 154
55 159
55 161
55 165
55 172
55 173
55 174
55 179
55 183
55 185
55 190
55 197
55 208
55 209
55 211
55 236
55 241
55 242
55 246
55 261
55 277
55 287
55 293
55 298
56 62
56 73
56 79
56 95
56 102
56 140
56 151
56 153
56 162
56 164
56 167
56 169
56 186
56 190
56 195
56 199
56 200
56 202
56 210
56 215
56 222
56 223
56 236
56 237
56 239
56 240
56 245
56 258
56 270
56 271
56 272
56 279
56 284
56 286
56 292
57 58
57 60
57 73
57 77
57 90
57 92
57 94
57 102
57 116
57 121
57 147
57 148
57 153
57 155
57 170
57 173
57 179
57 197
57 202
57 225
57 226
57 232
57 239
57 241
57 246
57 248
57 251
57 253
57 268
58 59
58 60
58 62
58 64
58 67
58 70
58 74
58 78
58 81
58 85
58 91
58 92
58 93
58 94
58 95
58 103
58 104
58 108
58 109
58 117
58 121
58 122
58 124
58 126
58 130
58 131
58 132
58 133
58 134
58 135
58 136
58 140
58 141
58 146
58 149
58 150
58 151
58 153
58 156
58 162
58 169
58 170
58 173
58 178
58 185
58 187
58 189
58 193
58 194
58 196
58 197
58 200
58 204
58 205
58 206
58 207
58 208
58 212
58 213
58 217
58 221
58 222
58 226
58 227
58 228
58 234
58 235
58 239
58 244
58 245
58 248
58 249
58 251
58 253
58 254
58 261
58 264
58 265
58 267
58 268
58 270
58 273
58 274
58 275
58 276
58 277
58 279
58 280
58 284
58 286
58 288
58 290
58 291
58 292
58 293
58 294
58 295
58 296
59 62
59 69
59 72
59 77
59 84
59 93
59 97
59 103
59 107
59 110
59 113
59 126
59 134
59 138
59 141
59 146
59 152
59 153
59 154
59 161
59 172
59 178
59 179
59 180
59 188
59 193
59 194
59 204
59 206
59 208
59 218
59 226
59 229
59 232
59 248
59 249
59 262
59 265
59 267
59 273
59 277
59 287
59 292
59 293
59 295
59 298
60 67
60 70
60 71
60 78
60 79
60 81
60 86
60 91
60 95
60 98
60 105
60 111
60 117
60 119
60 121
60 123
60 124
60 125
60 130
60 131
60 132
60 133
60 139
60 146
60 147
60 156
60 160
60 173
60 179
60 184
60 188
60 189
60 192
60 196
60 197
60 199
60 209
60 211
60 215
60 218
60 220
60 223
60 225
60 226
60 228
60 231
60 235
60 247
60 254
60 255
60 256
60 258
60 271
60 272
60 275
60 277
60 280
60 282
60 286
60 288
61 66
61 201
61 248
62 66
62 68
62 69
62 72
62 77
62 82
62 84
62 88
62 89
62 90
62 94
62 97
62 98
62 104
62 131
62 132
62 144
62 153
62 155
62 161
62 164
62 166
62 167
62 169
62 170
62 172
62 184
62 198
62 202
62 209
62 213
62 230
62 241
62 242
62 245
62 263
62 266
62 298
63 64
63 66
63 70
63 78
63 81
63 82
63 92
63 110
63 113
63 121
63 122
63 124
63 126
63 133
63 138
63 141
63 152
63 154
63 157
63 166
63 185
63 187
63 190
63 196
63 206
63 217
63 220
63 230
63 235
63 236
63 242
63 246
63 249
63 251
63 253
63 264
63 266
63 273
63 274
63 276
63 277
63 298
64 71
64 98
64 107
64 108
64 123
64 124
64 147
64 171
64 184
64 191
64 207
64 209
64 221
64 225
64 229
64 238
64 252
64 256
64 287
65 263
65 285
66 74
66 79
66 82
66 86
66 95
66 99
66 106
66 111
66 117
66 119
66 124
66 125
66 139
66 149
66 150
66 177
66 192
66 201
66 202
66 210
66 215
66 220
66 225
66 231
66 238
66 240
66 247
66 248
66 260
66 262
66 271
66 272
66 275
66 282
66 289
66 296
67 77
67 94
67 98
67 101
67 141
67 153
67 159
67 161
67 162
67 164
67 167
67 169
67 170
67 173
67 179
67 200
67 209
67 225
67 226
67 237
67 239
67 241
67 248
67 260
67 279
67 287
68 79
68 95
68 99
68 106
68 110
68 111
68 134
68 164
68 167
68 169
68 177
68 199
68 210
68 218
68 222
68 223
68 231
68 240
68 245
68 247
68 255
68 258
68 261
68 270
68 272
68 284
68 286
68 289
68 296
69 140
69 144
69 192
69 202
69 240
69 253
69 255
69 261
69 271
69 272
69 275
70 72
70 77
70 86
70 91
70 92
70 98
70 105
70 108
70 111
70 119
70 123
70 124
70 131
70 139
70 147
70 150
70 156
70 160
70 166
70 168
70 170
70 172
70 184
70 188
70 189
70 193
70 197
70 203
70 207
70 209
70 211
70 212
70 218
70 225
70 226
70 235
70 238
70 243
70 247
70 252
70 256
70 258
70 271
70 273
70 275
70 280
70 282
70 287
70 288
70 290
70 296
71 72
71 77
71 79
71 80
71 98
71 108
71 119
71 121
71 123
71 130
71 136
71 139
71 143
71 147
71 149
71 166
71 172
71 184
71 193
71 207
71 209
71 215
71 218
71 220
71 225
71 226
71 238
71 244
71 256
71 282
72 78
72 81
72 85
72 91
72 92
72 95
72 103
72 107
72 108
72 112
72 113
72 121
72 122
72 124
72 127
72 130
72 131
72 132
72 133
72 134
72 140
72 141
72 146
72 151
72 153
72 156
72 162
72 164
72 167
72 169
72 173
72 178
72 180
72 185
72 189
72 191
72 193
72 194
72 196
72 197
72 200
72 203
72 206
72 207
72 208
72 212
72 213
72 217
72 220
72 221
72 228
72 229
72 234
72 235
72 237
72 244
72 245
72 248
72 249
72 251
72 253
72 259
72 261
72 264
72 268
72 270
72 271
72 273
72 274
72 276
72 280
72 284
72 288
72 290
72 293
72 294
72 298
73 97
73 101
73 140
73 151
73 159
73 160
73 162
73 164
73 167
73 169
73 188
73 200
73 203
73 210
73 222
73 239
73 245
73 260
73 279
73 292
74 77
74 84
74 92
74 98
74 103
74 133
74 134
74 138
74 155
74 159
74 161
74 162
74 164
74 173
74 200
74 202
74 206
74 208
74 209
74 228
74 232
74 241
74 253
74 266
74 273
74 277
74 298
76 82
76 110
76 242
76 255
76 263
76 266
77 78
77 81
77 91
77 92
77 103
77 104
77 106
77 107
77 108
77 109
77 110
77 111
77 112
77 113
77 121
77 122
77 124
77 126
77 133
77 134
77 136
77 140
77 141
77 150
77 153
77 156
77 160
77 162
77 164
77 166
77 167
77 168
77 169
77 170
77 173
77 188
77 189
77 194
77 197
77 199
77 200
77 206
77 207
77 210
77 212
77 213
77 217
77 220
77 221
77 222
77 223
77 227
77 229
77 234
77 235
77 237
77 239
77 242
77 243
77 245
77 248
77 251
77 253
77 258
77 260
77 261
77 267
77 268
77 269
77 270
77 271
77 273
77 274
77 275
77 276
77 277
77 279
77 280
77 284
77 286
77 288
77 290
77 292
77 300
78 86
78 91
78 92
78 98
78 105
78 119
78 121
78 123
78 124
78 139
78 147
78 160
78 168
78 172
78 177
78 184
78 185
78 188
78 209
78 211
78 218
78 225
78 235
78 238
78 243
78 252
78 256
78 271
78 273
78 282
78 287
79 89
79 90
79 91
79 92
79 97
79 107
79 109
79 112
79 113
79 115
79 121
79 122
79 127
79 144
79 148
79 152
79 154
79 155
79 156
79 159
79 161
79 166
79 167
79 179
79 183
79 185
79 189
79 196
79 197
79 198
79 202
79 217
79 220
79 229
79 232
79 235
79 236
79 241
79 242
79 244
79 249
79 262
79 264
79 266
79 268
79 273
79 276
80 107
80 112
80 113
80 127
80 191
80 226
80 229
80 250
81 86
81 91
81 92
81 98
81 105
81 113
81 119
81 121
81 123
81 124
81 132
81 139
81 147
81 149
81 156
81 160
81 168
81 172
81 184
81 188
81 189
81 197
81 202
81 203
81 209
81 211
81 212
81 217
81 218
81 225
81 226
81 231
81 235
81 238
81 243
81 249
81 252
81 254
81 256
81 258
81 271
81 272
81 273
81 274
81 276
81 280
81 282
81 287
81 288
81 290
82 95
82 99
82 105
82 110
82 111
82 117
82 125
82 140
82 151
82 167
82 169
82 177
82 188
82 192
82 193
82 199
82 202
82 203
82 210
82 211
82 215
82 218
82 222
82 223
82 231
82 237
82 240
82 245
82 253
82 254
82 255
82 258
82 261
82 265
82 270
82 271
82 272
82 278
82 284
82 286
82 289
82 296
84 94
84 106
84 140
84 144
84 177
84 192
84 202
84 225
84 240
84 253
84 254
84 255
84 267
84 271
84 272
84 275
84 286
84 296
85 92
85 98
85 119
85 123
85 139
85 147
85 172
85 184
85 185
85 209
85 218
85 225
85 238
85 256
85 282
85 287
85 296
86 89
86 90
86 91
86 92
86 108
86 109
86 116
86 122
86 130
86 133
86 140
86 148
86 151
86 152
86 155
86 161
86 164
86 165
86 166
86 173
86 179
86 190
86 196
86 197
86 207
86 220
86 232
86 235
86 241
86 244
86 251
86 253
86 266
86 268
86 280
86 288
86 298
87 261
88 110
88 117
88 146
88 160
88 161
88 188
88 192
88 199
88 222
88 223
88 240
88 255
88 258
88 271
88 272
88 286
89 90
89 93
89 95
89 99
89 105
89 106
89 110
89 117
89 125
89 147
89 150
89 160
89 161
89 162
89 164
89 169
89 173
89 188
89 192
89 199
89 200
89 208
89 211
89 215
89 223
89 231
89 240
89 247
89 248
89 253
89 254
89 255
89 258
89 265
89 267
89 271
89 272
89 275
89 278
89 284
89 286
89 295
89 296
90 99
90 105
90 126
90 131
90 136
90 146
90 147
90 150
90 160
90 178
90 188
90 192
90 193
90 194
90 199
90 211
90 223
90 231
90 240
90 241
90 247
90 254
90 255
90 258
90 260
90 271
90 272
90 275
90 278
90 286
90 287
90 296
91 98
91 105
91 106
91 117
91 119
91 123
91 125
91 126
91 130
91 136
91 139
91 143
91 147
91 149
91 160
91 170
91 172
91 177
91 184
91 185
91 188
91 192
91 197
91 205
91 209
91 211
91 215
91 218
91 221
91 223
91 225
91 226
91 234
91 238
91 240
91 251
91 254
91 256
91 258
91 260
91 271
91 272
91 278
91 282
91 287
91 289
91 294
91 300
92 98
92 104
92 105
92 117
92 119
92 122
92 123
92 130
92 131
92 133
92 139
92 147
92 149
92 160
92 170
92 172
92 177
92 178
92 184
92 192
92 193
92 196
92 197
92 208
92 209
92 211
92 212
92 213
92 218
92 221
92 225
92 226
92 227
92 228
92 234
92 238
92 240
92 243
92 247
92 251
92 254
92 255
92 256
92 260
92 264
92 271
92 272
92 278
92 282
92 286
92 287
92 290
92 294
92 295
92 296
93 94
93 98
93 110
93 119
93 131
93 132
93 139
93 140
93 146
93 148
93 153
93 155
93 162
93 167
93 170
93 173
93 184
93 209
93 218
93 222
93 225
93 226
93 237
93 238
93 239
93 242
93 245
93 248
93 256
93 261
93 270
93 279
93 282
93 284
93 287
94 103
94 109
94 110
94 117
94 125
94 126
94 132
94 141
94 146
94 160
94 164
94 165
94 167
94 169
94 173
94 184
94 194
94 206
94 215
94 218
94 232
94 246
94 253
94 266
94 270
94 277
94 278
94 287
94 292
94 293
94 298
95 108
95 115
95 121
95 122
95 124
95 132
95 144
95 153
95 155
95 161
95 168
95 170
95 172
95 183
95 197
95 198
95 202
95 207
95 213
95 235
95 241
95 242
95 262
95 266
95 268
95 287
96 119
96 123
96 139
96 147
96 161
96 184
96 225
96 238
96 256
96 273
96 282
97 99
97 102
97 111
97 117
97 125
97 140
97 146
97 150
97 151
97 153
97 160
97 162
97 164
97 167
97 169
97 173
97 184
97 188
97 192
97 199
97 200
97 203
97 210
97 211
97 215
97 222
97 223
97 232
97 237
97 239
97 240
97 245
97 247
97 254
97 255
97 258
97 270
97 271
97 272
97 275
97 278
97 279
97 286
97 292
98 104
98 107
98 108
98 112
98 113
98 121
98 122
98 124
98 126
98 127
98 130
98 133
98 134
98 140
98 141
98 143
98 153
98 156
98 162
98 164
98 165
98 166
98 168
98 169
98 170
98 173
98 175
98 180
98 185
98 189
98 191
98 194
98 196
98 197
98 200
98 206
98 207
98 210
98 212
98 213
98 217
98 221
98 227
98 229
98 234
98 235
98 237
98 244
98 248
98 249
98 251
98 253
98 261
98 268
98 273
98 274
98 276
98 277
98 280
98 284
98 288
98 290
98 291
98 293
98 294
98 298
98 300
99 101
99 109
99 113
99 116
99 124
99 141
99 148
99 154
99 183
99 185
99 190
99 197
99 198
99 202
99 220
99 230
99 241
99 242
99 268
99 274
99 287
101 102
101 105
101 106
101 111
101 125
101 131
101 140
101 151
101 153
101 160
101 161
101 162
101 164
101 169
101 188
101 200
101 210
101 211
101 222
101 237
101 239
101 240
101 245
101 247
101 258
101 261
101 270
101 271
101 272
101 275
101 279
101 285
101 292
102 140
102 151
102 159
102 160
102 162
102 164
102 167
102 169
102 188
102 200
102 203
102 210
102 222
102 239
102 245
102 260
102 279
102 292
103 109
103 110
103 119
103 122
103 126
103 130
103 131
103 132
103 139
103 140
103 146
103 148
103 151
103 153
103 155
103 162
103 167
103 169
103 170
103 172
103 173
103 184
103 188
103 194
103 200
103 218
103 226
103 231
103 237
103 239
103 245
103 248
103 255
103 261
103 271
103 278
103 279
103 282
103 284
103 286
103 287
103 292
104 108
104 109
104 110
104 117
104 119
104 125
104 126
104 134
104 138
104 141
104 147
104 153
104 162
104 166
104 169
104 173
104 178
104 184
104 190
104 207
104 209
104 218
104 226
104 232
104 239
104 240
104 245
104 248
104 253
104 261
104 268
104 270
104 277
104 282
104 284
104 287
104 293
105 109
105 113
105 116
105 121
105 122
105 133
105 144
105 148
105 155
105 161
105 164
105 165
105 166
105 168
105 179
105 190
105 196
105 197
105 212
105 220
105 232
105 234
105 235
105 236
105 241
105 246
105 249
105 251
105 263
105 268
105 273
105 280
105 288
105 294
105 298
106 108
106 112
106 113
106 121
106 138
106 141
106 148
106 152
106 154
106 156
106 161
106 165
106 166
106 183
106 189
106 190
106 197
106 207
106 213
106 220
106 230
106 241
106 242
106 244
106 266
106 280
106 283
106 284
106 288
106 293
106 298
107 108
107 119
107 121
107 123
107 124
107 130
107 139
107 147
107 149
107 166
107 172
107 177
107 184
107 193
107 205
107 207
107 209
107 215
107 218
107 220
107 225
107 226
107 238
107 243
107 244
107 256
107 282
107 296
108 109
108 111
108 112
108 113
108 117
108 119
108 123
108 125
108 127
108 131
108 139
108 147
108 148
108 149
108 172
108 177
108 179
108 180
108 184
108 188
108 191
108 192
108 197
108 199
108 203
108 209
108 210
108 211
108 212
108 213
108 218
108 221
108 225
108 226
108 229
108 234
108 238
108 240
108 247
108 250
108 251
108 256
108 258
108 260
108 272
108 282
108 286
108 287
108 289
108 290
108 294
108 295
108 296
109 114
109 117
109 119
109 123
109 125
109 139
109 147
109 164
109 177
109 184
109 188
109 199
109 203
109 207
109 211
109 213
109 218
109 222
109 225
109 235
109 238
109 247
109 249
109 256
109 258
109 271
109 272
109 282
109 286
109 289
110 116
110 119
110 121
110 126
110 131
110 134
110 140
110 141
110 144
110 148
110 149
110 151
110 153
110 161
110 162
110 164
110 167
110 169
110 170
110 173
110 178
110 193
110 194
110 197
110 198
110 200
110 202
110 208
110 226
110 241
110 242
110 243
110 248
110 263
110 266
110 277
110 279
110 282
110 287
110 292
110 298
111 113
111 116
111 124
111 130
111 138
111 141
111 148
111 154
111 159
111 179
111 183
111 185
111 190
111 197
111 198
111 202
111 207
111 213
111 220
111 236
111 241
111 242
111 251
111 266
111 269
111 274
112 119
112 121
112 123
112 136
112 139
112 143
112 147
112 149
112 166
112 172
112 184
112 207
112 209
112 215
112 218
112 220
112 225
112 226
112 238
112 244
112 256
112 260
112 282
112 296
113 119
113 121
113 123
113 131
113 136
113 139
113 146
113 147
113 149
113 166
113 170
113 172
113 177
113 184
113 193
113 207
113 209
113 218
113 220
113 225
113 226
113 235
113 238
113 243
113 244
113 254
113 256
113 258
113 260
113 274
113 282
113 296
113 300
114 138
114 140
114 160
114 162
114 164
114 167
114 169
114 179
114 193
114 200
114 237
114 245
115 178
115 215
115 231
115 254
115 260
116 131
116 146
116 160
116 177
116 188
116 192
116 194
116 199
116 203
116 211
116 223
116 225
116 231
116 237
116 240
116 246
116 247
116 255
116 258
116 261
116 266
116 271
116 272
116 275
116 277
116 278
116 284
116 286
116 295
116 296
117 121
117 144
117 148
117 152
117 154
117 155
117 156
117 159
117 161
117 164
117 166
117 167
117 170
117 179
117 183
117 189
117 196
117 207
117 220
117 235
117 236
117 241
117 245
117 266
117 268
117 287
117 298
119 121
119 122
119 124
119 126
119 127
119 130
119 133
119 143
119 153
119 155
119 156
119 159
119 164
119 166
119 167
119 168
119 169
119 173
119 179
119 180
119 185
119 187
119 189
119 191
119 194
119 196
119 197
119 205
119 206
119 207
119 212
119 213
119 217
119 220
119 221
119 227
119 228
119 229
119 234
119 235
119 244
119 249
119 251
119 253
119 261
119 262
119 264
119 268
119 273
119 274
119 276
119 277
119 279
119 280
119 284
119 288
119 290
119 293
119 294
119 300
120 182
121 122
121 123
121 127
121 133
121 139
121 140
121 143
121 146
121 147
121 149
121 160
121 166
121 168
121 172
121 180
121 184
121 191
121 192
121 193
121 199
121 200
121 204
121 209
121 211
121 212
121 218
121 221
121 222
121 223
121 225
121 229
121 231
121 234
121 238
121 240
121 245
121 247
121 251
121 254
121 256
121 266
121 272
121 278
121 282
121 286
121 287
121 290
121 294
122 123
122 131
122 139
122 147
122 150
122 156
122 160
122 166
122 168
122 172
122 177
122 184
122 188
122 189
122 199
122 206
122 209
122 211
122 212
122 218
122 223
122 225
122 235
122 238
122 240
122 243
122 247
122 252
122 254
122 256
122 258
122 271
122 272
122 273
122 282
122 286
122 287
122 290
122 295
123 124
123 127
123 130
123 133
123 134
123 138
123 153
123 156
123 159
123 162
123 166
123 168
123 169
123 173
123 179
123 180
123 185
123 187
123 189
123 190
123 191
123 196
123 197
123 200
123 207
123 210
123 212
123 213
123 217
123 220
123 221
123 227
123 228
123 229
123 234
123 235
123 237
123 241
123 244
123 245
123 248
123 249
123 251
123 252
123 264
123 267
123 268
123 273
123 274
123 275
123 276
123 277
123 280
123 283
123 288
123 290
123 293
123 294
123 300
124 133
124 139
124 147
124 149
124 168
124 172
124 180
124 184
124 187
124 188
124 191
124 192
124 197
124 203
124 209
124 211
124 213
124 218
124 221
124 222
124 223
124 225
124 226
124 227
124 228
124 231
124 234
124 238
124 240
124 243
124 248
124 250
124 251
124 256
124 258
124 260
124 270
124 272
124 278
124 279
124 282
124 286
124 292
124 294
125 144
125 148
125 154
125 155
125 166
125 170
125 179
125 183
125 196
125 207
125 220
125 226
125 235
125 241
125 244
125 245
125 249
125 262
125 264
125 268
125 273
125 298
126 132
126 139
126 141
126 151
126 153
126 161
126 167
126 169
126 170
126 184
126 193
126 202
126 206
126 209
126 226
126 237
126 238
126 245
126 246
126 248
126 261
126 265
126 270
126 282
126 284
126 287
126 292
127 139
127 143
127 147
127 166
127 172
127 177
127 184
127 185
127 207
127 209
127 218
127 220
127 225
127 226
127 235
127 238
127 244
127 256
127 282
130 139
130 147
130 156
130 160
130 172
130 184
130 185
130 188
130 189
130 193
130 197
130 209
130 211
130 218
130 225
130 238
130 247
130 249
130 252
130 256
130 258
130 260
130 273
130 282
130 287
131 134
131 138
131 141
131 144
131 152
131 154
131 159
131 165
131 166
131 172
131 179
131 183
131 187
131 190
131 196
131 197
131 202
131 206
131 207
131 209
131 230
131 232
131 235
131 241
131 246
131 253
131 261
131 273
131 283
131 284
131 292
131 293
131 298
132 134
132 139
132 140
132 141
132 147
132 150
132 151
132 153
132 162
132 164
132 167
132 169
132 172
132 173
132 178
132 187
132 194
132 197
132 200
132 204
132 206
132 208
132 210
132 237
132 239
132 241
132 245
132 248
132 253
132 261
132 265
132 267
132 268
132 270
132 273
132 277
132 279
132 284
132 292
132 293
133 139
133 147
133 156
133 160
133 166
133 168
133 172
133 177
133 184
133 185
133 188
133 189
133 197
133 209
133 211
133 218
133 225
133 235
133 238
133 247
133 252
133 256
133 258
133 271
133 273
133 274
133 282
133 287
134 140
134 141
134 146
134 151
134 153
134 159
134 161
134 162
134 164
134 170
134 172
134 184
134 194
134 197
134 200
134 202
134 204
134 209
134 211
134 222
134 226
134 238
134 242
134 248
134 253
134 266
134 268
134 279
134 287
134 293
136 140
136 148
136 151
136 153
136 155
136 156
136 161
136 162
136 164
136 165
136 166
136 167
136 169
136 189
136 200
136 220
136 222
136 229
136 237
136 239
136 241
136 244
136 245
136 248
136 249
136 268
136 279
136 280
136 288
136 292
136 298
138 140
138 149
138 151
138 153
138 160
138 162
138 164
138 165
138 167
138 169
138 170
138 177
138 184
138 192
138 200
138 203
138 210
138 222
138 231
138 237
138 239
138 245
138 255
138 258
138 260
138 265
138 267
138 270
138 271
138 272
138 279
138 289
138 292
138 295
138 296
139 143
139 148
139 153
139 155
139 156
139 159
139 162
139 164
139 166
139 167
139 168
139 169
139 179
139 180
139 185
139 187
139 189
139 191
139 196
139 197
139 202
139 205
139 206
139 207
139 212
139 213
139 217
139 220
139 221
139 227
139 228
139 229
139 234
139 235
139 244
139 249
139 251
139 253
139 261
139 262
139 264
139 268
139 273
139 274
139 276
139 279
139 280
139 284
139 288
139 290
139 292
139 293
139 294
139 300
140 141
140 144
140 152
140 154
140 159
140 161
140 172
140 173
140 179
140 183
140 186
140 190
140 197
140 206
140 209
140 213
140 226
140 236
140 242
140 246
140 261
140 277
140 287
140 293
141 146
141 148
141 149
141 151
141 153
141 155
141 160
141 162
141 164
141 167
141 169
141 170
141 172
141 173
141 184
141 188
141 194
141 200
141 203
141 209
141 210
141 211
141 222
141 225
141 226
141 237
141 238
141 239
141 243
141 245
141 248
141 253
141 255
141 260
141 261
141 270
141 279
141 284
141 286
141 287
141 292
142 177
142 289
143 147
143 171
143 184
143 191
143 209
143 213
143 221
143 225
143 229
143 238
143 251
143 252
143 256
143 274
143 282
143 287
144 146
144 162
144 167
144 177
144 192
144 193
144 199
144 200
144 210
144 215
144 222
144 223
144 231
144 240
144 245
144 248
144 253
144 254
144 255
144 258
144 261
144 271
144 272
144 278
144 284
144 286
144 289
144 296
145 182
145 256
146 148
146 154
146 166
146 169
146 172
146 190
146 196
146 208
146 210
146 220
146 226
146 230
146 236
146 241
146 245
146 248
146 251
146 270
146 277
146 287
146 293
147 151
147 153
147 155
147 156
147 159
147 161
147 162
147 166
147 168
147 169
147 173
147 180
147 185
147 187
147 189
147 191
147 196
147 197
147 198
147 200
147 202
147 205
147 207
147 212
147 213
147 217
147 220
147 221
147 227
147 228
147 229
147 234
147 235
147 237
147 241
147 242
147 244
147 245
147 248
147 249
147 251
147 261
147 264
147 268
147 273
147 274
147 276
147 277
147 279
147 280
147 284
147 288
147 290
147 292
147 293
147 294
147 298
147 300
148 150
148 178
148 188
148 193
148 199
148 203
148 204
148 206
148 207
148 208
148 210
148 215
148 231
148 238
148 240
148 243
148 247
148 251
148 254
148 258
148 260
148 265
148 267
148 272
148 275
148 286
148 293
148 295
149 153
149 158
149 161
149 162
149 190
149 197
149 200
149 207
149 212
149 229
149 232
149 236
149 239
149 242
149 253
149 262
149 273
149 274
149 277
149 279
149 283
149 290
149 292
149 293
149 294
149 297
149 298
150 154
150 155
150 159
150 166
150 179
150 183
150 184
150 196
150 220
150 232
150 241
150 245
150 264
150 280
150 288
150 297
150 298
151 152
151 154
151 159
151 163
151 172
151 173
151 179
151 183
151 186
151 190
151 194
151 206
151 208
151 225
151 226
151 231
151 236
151 238
151 240
151 241
151 242
151 246
151 253
151 256
151 277
151 287
152 153
152 162
152 164
152 167
152 169
152 170
152 192
152 200
152 210
152 215
152 222
152 225
152 232
152 237
152 239
152 240
152 254
152 258
152 260
152 270
152 275
152 279
152 285
152 292
152 295
153 154
153 159
153 160
153 170
153 172
153 173
153 178
153 179
153 183
153 184
153 190
153 192
153 193
153 194
153 206
153 208
153 209
153 218
153 223
153 225
153 226
153 231
153 236
153 238
153 243
153 246
153 248
153 253
153 255
153 260
153 261
153 265
153 272
153 277
153 278
153 282
153 284
153 287
153 289
153 293
153 295
153 296
154 162
154 164
154 167
154 169
154 177
154 192
154 194
154 199
154 200
154 203
154 210
154 215
154 222
154 237
154 239
154 245
154 247
154 258
154 265
154 267
154 270
154 271
154 272
154 278
154 279
154 284
154 292
155 160
155 177
155 178
155 192
155 193
155 199
155 203
155 204
155 206
155 208
155 215
155 247
155 254
155 256
155 258
155 265
155 267
155 271
155 272
155 275
155 277
155 278
155 282
155 289
155 293
155 295
155 296
156 172
156 177
156 184
156 188
156 196
156 197
156 204
156 209
156 211
156 212
156 213
156 215
156 218
156 221
156 225
156 226
156 227
156 238
156 240
156 247
156 251
156 256
156 258
156 260
156 272
156 282
156 287
156 289
156 290
156 294
156 300
158 208
158 215
158 223
158 260
158 261
158 284
158 296
159 161
159 162
159 164
159 165
159 167
159 169
159 177
159 184
159 192
159 200
159 203
159 204
159 210
159 215
159 218
159 221
159 222
159 231
159 237
159 239
159 243
159 245
159 256
159 258
159 260
159 261
159 265
159 266
159 270
159 272
159 273
159 275
159 278
159 279
159 282
159 284
159 289
159 292
159 295
159 296
160 161
160 163
160 169
160 170
160 179
160 190
160 196
160 198
160 202
160 205
160 210
160 213
160 226
160 234
160 241
160 242
160 244
160 245
160 264
160 268
160 280
160 288
161 177
161 178
161 188
161 192
161 193
161 194
161 198
161 199
161 202
161 208
161 210
161 211
161 215
161 218
161 222
161 223
161 231
161 232
161 240
161 245
161 253
161 254
161 258
161 260
161 261
161 266
161 270
161 271
161 272
161 284
161 289
161 296
162 170
162 172
162 173
162 174
162 178
162 179
162 183
162 184
162 186
162 188
162 190
162 204
162 206
162 209
162 211
162 218
162 225
162 226
162 236
162 238
162 243
162 246
162 248
162 253
162 256
162 260
162 266
162 277
162 287
162 289
162 293
162 295
163 164
163 188
163 192
163 199
163 203
163 248
163 258
163 272
163 296
164 172
164 173
164 178
164 179
164 183
164 184
164 185
164 190
164 199
164 208
164 209
164 215
164 218
164 225
164 226
164 236
164 241
164 246
164 247
164 248
164 251
164 253
164 261
164 266
164 277
164 282
164 284
164 286
164 287
164 293
165 170
165 231
165 248
165 253
165 260
165 272
166 170
166 177
166 180
166 184
166 188
166 191
166 192
166 203
166 209
166 211
166 213
166 215
166 218
166 225
166 226
166 229
166 231
166 235
166 238
166 240
166 243
166 254
166 256
166 264
166 265
166 271
166 272
166 273
166 274
166 275
166 278
166 279
166 282
166 287
166 296
167 172
167 173
167 178
167 179
167 183
167 184
167 185
167 190
167 199
167 204
167 208
167 215
167 225
167 226
167 236
167 242
167 246
167 247
167 248
167 261
167 266
167 277
167 282
167 286
167 287
167 293
168 196
168 205
168 209
168 213
168 218
168 225
168 226
168 234
168 235
168 238
168 256
168 282
168 287
169 170
169 172
169 173
169 178
169 179
169 183
169 188
169 190
169 194
169 198
169 199
169 206
169 208
169 209
169 211
169 225
169 226
169 231
169 236
169 240
169 242
169 246
169 248
169 253
169 256
169 277
169 282
169 286
169 287
169 296
170 180
170 188
170 194
170 197
170 198
170 200
170 206
170 209
170 211
170 220
170 226
170 232
170 237
170 240
170 241
170 245
170 248
170 253
170 267
170 270
170 274
170 277
170 278
170 279
170 280
170 287
170 288
170 292
170 293
171 187
171 213
171 221
171 251
171 287
171 291
172 173
172 178
172 180
172 185
172 189
172 191
172 193
172 194
172 196
172 197
172 200
172 203
172 206
172 207
172 208
172 212
172 213
172 217
172 220
172 221
172 228
172 229
172 234
172 235
172 237
172 244
172 245
172 248
172 249
172 251
172 253
172 259
172 261
172 264
172 268
172 270
172 271
172 273
172 274
172 276
172 280
172 284
172 288
172 290
172 293
172 294
172 298
173 178
173 184
173 200
173 202
173 204
173 206
173 208
173 209
173 210
173 218
173 222
173 226
173 237
173 238
173 239
173 241
173 245
173 253
173 256
173 265
173 266
173 270
173 279
173 282
173 287
173 293
174 200
175 209
175 219
175 254
175 299
177 179
177 185
177 189
177 190
177 197
177 198
177 202
177 207
177 212
177 213
177 217
177 220
177 230
177 232
177 235
177 241
177 242
177 244
177 248
177 251
177 253
177 266
177 268
177 273
177 276
177 280
177 287
177 288
177 290
177 298
177 300
178 179
178 184
178 197
178 198
178 200
178 210
178 212
178 226
178 235
178 239
178 242
178 245
178 251
178 270
178 279
178 287
178 290
179 188
179 192
179 200
179 202
179 203
179 204
179 207
179 210
179 211
179 215
179 218
179 222
179 226
179 231
179 234
179 237
179 238
179 239
179 245
179 248
179 254
179 255
179 256
179 258
179 265
179 267
179 270
179 275
179 278
179 279
179 282
179 284
179 289
179 292
179 293
179 295
180 184
180 185
180 207
180 209
180 215
180 218
180 220
180 225
180 235
180 238
180 256
180 282
180 294
180 296
181 273
181 274
182 214
182 224
183 188
183 192
183 200
183 203
183 210
183 211
183 215
183 222
183 231
183 237
183 239
183 240
183 245
183 254
183 258
183 265
183 270
183 271
183 272
183 275
183 278
183 279
183 292
184 185
184 187
184 189
184 191
184 194
184 196
184 197
184 200
184 202
184 205
184 206
184 207
184 208
184 212
184 213
184 217
184 220
184 221
184 227
184 228
184 229
184 234
184 235
184 239
184 244
184 248
184 249
184 251
184 253
184 261
184 264
184 267
184 268
184 273
184 274
184 275
184 276
184 277
184 280
184 288
184 290
184 293
184 294
184 298
185 187
185 196
185 199
185 203
185 205
185 209
185 210
185 213
185 218
185 220
185 225
185 226
185 234
185 238
185 240
185 244
185 249
185 251
185 256
185 264
185 274
185 280
185 282
185 286
185 287
185 288
185 300
186 200
186 210
186 222
186 279
186 292
187 218
187 221
187 238
187 256
187 282
187 287
188 189
188 190
188 196
188 197
188 202
188 205
188 207
188 210
188 213
188 217
188 220
188 221
188 225
188 226
188 228
188 230
188 232
188 234
188 236
188 241
188 245
188 251
188 276
188 298
189 196
189 197
189 204
189 209
189 211
189 212
189 213
189 215
189 218
189 221
189 225
189 226
189 227
189 238
189 240
189 247
189 251
189 256
189 258
189 260
189 272
189 282
189 287
189 289
189 290
189 294
189 300
190 192
190 200
190 203
190 210
190 211
190 222
190 237
190 239
190 240
190 243
190 245
190 254
190 258
190 267
190 270
190 275
190 278
190 279
190 285
190 292
191 207
191 209
191 215
191 218
191 220
191 225
191 226
191 235
191 238
191 244
191 256
191 282
191 296
192 197
192 198
192 202
192 207
192 213
192 220
192 221
192 228
192 235
192 236
192 241
192 242
192 246
192 263
192 270
192 273
192 294
192 297
193 196
193 205
193 218
193 225
193 226
193 232
193 234
193 239
193 241
193 244
193 245
193 253
193 266
193 287
193 298
193 300
194 202
194 204
194 206
194 208
194 209
194 236
194 237
194 239
194 245
194 246
194 248
194 253
194 261
194 265
194 270
194 274
194 282
194 284
194 287
194 292
196 199
196 209
196 211
196 218
196 223
196 225
196 229
196 238
196 240
196 247
196 252
196 254
196 256
196 258
196 271
196 272
196 282
196 286
196 287
197 199
197 203
197 207
197 209
197 210
197 211
197 212
197 213
197 215
197 218
197 221
197 225
197 226
197 231
197 234
197 235
197 238
197 240
197 243
197 251
197 254
197 255
197 256
197 258
197 260
197 268
197 270
197 272
197 273
197 274
197 282
197 286
197 290
197 295
198 199
198 202
198 210
198 215
198 223
198 231
198 237
198 240
198 245
198 248
198 255
198 258
198 261
198 265
198 270
198 271
198 272
198 284
198 286
198 289
198 296
199 202
199 207
199 213
199 217
199 236
199 241
199 242
199 245
199 248
199 251
199 264
199 266
199 270
199 276
199 298
199 300
200 206
200 209
200 218
200 225
200 226
200 236
200 238
200 246
200 248
200 256
200 266
200 277
200 287
200 293
201 248
202 211
202 215
202 220
202 221
202 222
202 223
202 225
202 231
202 240
202 248
202 253
202 254
202 256
202 258
202 260
202 261
202 263
202 271
202 272
202 278
202 284
202 289
203 207
203 213
203 220
203 228
203 230
203 232
203 241
203 242
203 273
203 298
204 217
204 236
204 242
204 245
204 248
204 249
204 253
204 261
204 276
204 284
204 287
205 218
205 225
205 238
205 240
205 256
205 258
205 273
205 282
205 287
206 209
206 218
206 222
206 226
206 238
206 239
206 245
206 248
206 261
206 270
206 278
206 279
206 282
206 287
206 292
207 209
207 210
207 211
207 212
207 213
207 218
207 221
207 225
207 226
207 229
207 234
207 238
207 240
207 247
207 250
207 251
207 256
207 258
207 260
207 272
207 282
207 286
207 287
207 289
207 290
207 294
207 295
207 296
208 210
208 218
208 222
208 225
208 226
208 235
208 237
208 239
208 241
208 245
208 251
208 262
208 279
208 287
209 210
209 212
209 213
209 217
209 221
209 227
209 229
209 234
209 235
209 237
209 244
209 248
209 249
209 251
209 253
209 255
209 261
209 268
209 273
209 274
209 276
209 277
209 280
209 284
209 288
209 289
209 290
209 291
209 293
209 294
209 298
209 300
210 211
210 217
210 236
210 238
210 242
210 246
210 276
210 278
210 287
211 213
211 217
211 226
211 228
211 230
211 232
211 234
211 235
211 236
211 241
211 245
211 251
211 266
211 276
211 279
211 298
212 213
212 217
212 218
212 221
212 225
212 234
212 235
212 238
212 251
212 256
212 268
212 274
212 276
212 282
212 287
213 217
213 218
213 223
213 225
213 238
213 240
213 243
213 256
213 265
213 271
213 276
213 282
213 286
213 287
213 289
213 290
213 291
215 217
215 220
215 229
215 241
215 242
215 262
215 266
215 273
215 276
215 287
215 289
217 218
217 221
217 223
217 225
217 226
217 238
217 240
217 247
217 251
217 256
217 258
217 264
217 272
217 273
217 278
217 282
217 286
217 287
217 290
217 294
218 220
218 221
218 227
218 228
218 229
218 234
218 235
218 237
218 241
218 244
218 248
218 249
218 251
218 252
218 264
218 268
218 273
218 274
218 276
218 280
218 288
218 290
218 293
218 294
218 298
218 300
219 269
220 225
220 226
220 229
220 235
220 238
220 240
220 249
220 254
220 255
220 256
220 265
220 271
220 273
220 274
220 275
220 278
220 282
220 287
221 223
221 225
221 235
221 237
221 238
221 240
221 243
221 252
221 256
221 258
221 274
221 276
221 278
221 282
221 287
221 290
221 291
221 300
222 226
222 236
222 242
222 246
222 253
222 261
222 273
222 274
222 277
222 284
222 285
222 287
222 293
223 241
223 242
223 262
223 264
223 266
223 276
225 227
225 228
225 229
225 234
225 235
225 237
225 239
225 244
225 245
225 249
225 251
225 261
225 264
225 268
225 270
225 273
225 274
225 276
225 277
225 279
225 280
225 284
225 288
225 290
225 292
225 293
225 294
225 300
226 229
226 235
226 239
226 245
226 248
226 249
226 253
226 255
226 260
226 261
226 265
226 267
226 268
226 270
226 273
226 274
226 276
226 277
226 279
226 280
226 284
226 288
226 292
226 293
226 294
226 295
226 298
226 300
227 238
227 252
227 254
227 255
227 256
227 282
227 287
227 289
227 291
228 238
228 240
228 243
228 252
228 254
228 256
228 258
228 273
228 282
228 287
228 291
229 238
229 244
229 256
229 282
230 243
230 258
231 235
231 241
231 242
231 251
231 266
231 273
231 279
231 298
232 238
232 239
232 243
232 247
232 260
232 267
232 275
232 289
234 235
234 238
234 240
234 247
234 249
234 252
234 253
234 254
234 256
234 273
234 282
234 287
234 290
234 296
235 238
235 247
235 248
235 251
235 254
235 255
235 256
235 265
235 271
235 272
235 278
235 280
235 282
235 287
235 288
235 289
235 290
235 295
236 237
236 239
236 240
236 245
236 254
236 255
236 270
236 279
236 285
236 286
236 292
237 242
237 246
237 251
237 266
237 277
237 287
237 293
238 245
238 248
238 249
238 251
238 252
238 253
238 261
238 264
238 268
238 273
238 274
238 276
238 277
238 280
238 284
238 288
238 290
238 291
238 292
238 293
239 242
239 246
239 248
239 253
239 286
239 287
239 293
239 296
240 241
240 242
240 244
240 251
240 264
240 270
240 273
240 274
240 276
240 279
240 280
240 288
241 243
241 247
241 251
241 254
241 255
241 256
241 258
241 260
241 261
241 263
241 267
241 270
241 271
241 272
241 275
241 278
241 284
241 286
241 289
241 296
242 245
242 247
242 253
242 254
242 255
242 261
242 265
242 270
242 271
242 272
242 278
242 284
242 286
242 289
242 296
243 245
243 246
243 251
243 253
243 266
243 280
243 288
243 298
244 256
244 260
244 273
244 278
244 282
244 287
245 246
245 247
245 254
245 256
245 258
245 261
245 265
245 267
245 272
245 277
245 278
245 287
245 293
245 296
246 261
246 270
246 278
246 279
246 284
246 286
246 292
246 295
247 249
247 251
247 253
247 264
247 268
247 270
247 276
247 298
248 253
248 254
248 255
248 265
248 266
248 267
248 279
248 287
248 289
248 293
248 295
249 251
249 256
249 258
249 260
249 282
249 287
249 294
249 300
251 256
251 258
251 268
251 271
251 272
251 273
251 276
251 280
251 282
251 286
251 287
251 288
251 289
251 290
252 287
253 255
253 270
253 277
253 278
253 279
253 282
253 284
253 289
253 292
253 298
254 266
254 273
254 294
254 298
255 263
255 266
255 270
255 287
256 261
256 264
256 268
256 273
256 274
256 276
256 279
256 280
256 284
256 288
256 290
256 292
256 293
256 294
256 298
256 300
258 266
258 268
258 276
258 280
258 288
260 262
260 268
260 273
260 274
260 277
260 280
260 288
260 298
261 262
261 263
261 266
261 270
261 282
261 287
261 292
261 293
262 271
262 272
262 282
262 284
262 296
263 271
263 272
263 284
264 271
264 275
264 276
264 282
264 286
264 287
265 279
265 284
265 294
266 272
266 278
266 284
266 289
266 296
267 287
268 275
268 278
268 282
268 290
268 294
268 295
268 296
269 274
269 299
270 277
270 278
270 284
270 286
270 287
270 293
271 273
271 280
271 283
271 288
271 293
271 298
272 273
272 276
272 280
272 288
272 294
272 298
273 276
273 282
273 287
273 294
273 296
274 282
274 287
274 290
274 294
274 296
275 297
275 298
276 278
276 282
276 286
276 287
276 290
276 294
277 279
277 282
277 287
278 280
278 283
278 288
279 282
279 286
279 293
280 282
280 287
280 289
280 294
280 296
280 300
282 284
282 288
282 290
282 293
282 294
282 300
284 287
284 292
284 293
286 292
286 298
287 288
287 289
287 290
287 291
287 292
287 293
288 289
288 294
288 296
288 300
289 298
290 294
292 293
