heur045_n_300_m_6293
1 5
1 42
1 55
1 63
1 77
1 95
1 103
1 104
1 110
1 140
1 141
1 147
1 148
1 155
1 170
1 194
1 210
1 238
1 256
1 261
1 284
1 289
2 41
2 49
2 53
2 58
2 71
2 77
2 91
2 107
2 108
2 113
2 121
2 124
2 156
2 189
2 191
2 197
2 207
2 217
2 229
2 235
2 238
2 251
2 276
3 4
3 9
3 11
3 24
3 36
3 42
3 45
3 47
3 51
3 59
3 72
3 93
3 94
3 98
3 104
3 113
3 119
3 123
3 131
3 132
3 139
3 147
3 151
3 164
3 167
3 169
3 170
3 172
3 194
3 206
3 209
3 210
3 218
3 222
3 225
3 226
3 237
3 238
3 241
3 248
3 253
3 256
3 262
3 270
3 277
3 279
3 282
3 292
3 293
4 11
4 22
4 29
4 39
4 55
4 57
4 63
4 74
4 90
4 93
4 99
4 110
4 111
4 117
4 125
4 140
4 149
4 177
4 178
4 193
4 194
4 203
4 204
4 206
4 208
4 215
4 241
4 243
4 247
4 260
4 261
4 265
4 275
4 277
4 284
4 289
4 293
4 295
5 8
5 25
5 33
5 37
5 50
5 86
5 105
5 125
5 136
5 150
5 178
5 208
5 267
5 275
5 295
8 9
8 42
8 47
8 48
8 52
8 55
8 77
8 92
8 98
8 103
8 104
8 109
8 110
8 119
8 126
8 131
8 139
8 140
8 141
8 147
8 148
8 155
8 161
8 169
8 170
8 173
8 194
8 200
8 209
8 218
8 220
8 225
8 235
8 237
8 238
8 256
8 282
8 292
9 10
9 13
9 22
9 25
9 39
9 54
9 55
9 73
9 74
9 86
9 95
9 102
9 111
9 114
9 123
9 140
9 177
9 184
9 188
9 192
9 203
9 204
9 206
9 223
9 243
9 254
9 256
9 258
9 260
9 265
9 272
9 275
9 278
9 289
9 296
10 14
10 24
10 26
10 39
10 46
10 47
10 48
10 51
10 52
10 59
10 60
10 69
10 72
10 77
10 82
10 84
10 89
10 90
10 92
10 98
10 103
10 104
10 110
10 116
10 123
10 126
10 131
10 138
10 139
10 144
10 147
10 151
10 161
10 164
10 167
10 169
10 172
10 173
10 194
10 197
10 198
10 200
10 209
10 210
10 218
10 222
10 225
10 235
10 236
10 237
10 238
10 241
10 242
10 248
10 253
10 256
10 279
10 287
10 292
11 21
11 22
11 29
11 33
11 39
11 55
11 63
11 74
11 79
11 95
11 99
11 106
11 126
11 134
11 136
11 140
11 146
11 149
11 177
11 178
11 193
11 194
11 203
11 204
11 206
11 208
11 231
11 243
11 247
11 254
11 255
11 260
11 265
11 284
11 289
11 295
12 58
12 121
12 123
12 143
12 147
12 209
12 213
12 238
12 251
12 256
12 291
13 29
13 46
13 47
13 48
13 51
13 60
13 63
13 72
13 73
13 91
13 98
13 102
13 103
13 104
13 110
13 119
13 123
13 131
13 138
13 139
13 141
13 147
13 148
13 149
13 151
13 156
13 164
13 167
13 170
13 172
13 173
13 184
13 189
13 200
13 210
13 218
13 222
13 225
13 226
13 237
13 238
13 241
13 256
13 270
13 279
13 282
13 292
14 31
14 62
14 68
14 82
14 110
14 111
14 131
14 160
14 161
14 188
14 211
14 271
14 272
15 85
15 123
15 143
15 184
15 213
15 238
15 251
15 256
15 291
17 22
17 54
17 55
17 63
17 73
17 101
17 102
17 111
17 140
17 177
17 192
17 236
17 275
18 25
18 39
18 54
18 55
18 56
18 99
18 101
18 111
18 131
18 140
18 177
18 203
18 218
18 238
18 254
18 258
19 29
19 33
19 47
19 60
19 63
19 82
19 88
19 89
19 90
19 94
19 110
19 123
19 140
19 144
19 147
19 149
19 162
19 167
19 170
19 193
19 194
19 200
19 204
19 208
19 218
19 222
19 225
19 241
19 256
19 260
19 284
19 287
19 293
19 295
20 58
20 122
20 123
20 205
20 213
20 218
20 221
20 251
20 287
21 29
21 46
21 63
21 68
21 82
21 84
21 90
21 93
21 110
21 116
21 126
21 140
21 144
21 147
21 149
21 173
21 193
21 194
21 198
21 204
21 206
21 210
21 237
21 241
21 242
21 243
21 256
21 260
21 265
21 277
21 284
21 289
21 293
22 29
22 35
22 51
22 59
22 63
22 103
22 119
22 123
22 139
22 140
22 141
22 147
22 148
22 149
22 151
22 153
22 155
22 184
22 210
22 218
22 222
22 238
22 256
22 261
22 270
22 279
22 282
22 289
22 292
23 25
23 34
23 37
23 41
23 49
23 58
23 64
23 71
23 106
23 107
23 108
23 112
23 113
23 121
23 124
23 127
23 177
23 197
23 207
23 212
23 217
23 226
23 251
23 268
23 271
23 273
23 274
23 276
23 280
23 287
23 288
23 289
23 290
23 300
24 29
24 50
24 57
24 59
24 63
24 67
24 86
24 93
24 131
24 149
24 177
24 194
24 243
24 260
25 42
25 47
25 48
25 51
25 52
25 59
25 60
25 70
25 72
25 77
25 89
25 92
25 94
25 98
25 103
25 104
25 110
25 119
25 123
25 124
25 126
25 130
25 131
25 132
25 139
25 141
25 147
25 148
25 151
25 155
25 161
25 162
25 164
25 167
25 170
25 172
25 173
25 184
25 194
25 200
25 202
25 209
25 210
25 218
25 222
25 225
25 235
25 238
25 241
25 253
25 256
25 270
25 273
25 279
25 282
25 287
25 292
26 55
26 73
26 79
26 101
26 102
26 138
26 140
26 152
26 167
26 179
26 186
26 190
26 210
26 236
26 240
26 245
26 246
26 270
27 186
28 122
28 187
28 196
29 42
29 51
29 59
29 62
29 67
29 93
29 94
29 98
29 104
29 117
29 119
29 121
29 125
29 131
29 134
29 139
29 147
29 152
29 160
29 170
29 188
29 206
29 209
29 210
29 218
29 222
29 225
29 226
29 238
29 256
29 261
29 277
29 278
29 282
29 284
29 293
30 81
30 123
30 147
30 256
31 47
31 48
31 51
31 58
31 59
31 60
31 72
31 82
31 88
31 90
31 91
31 98
31 103
31 108
31 110
31 116
31 119
31 123
31 126
31 131
31 139
31 144
31 147
31 151
31 161
31 162
31 167
31 170
31 172
31 173
31 194
31 198
31 207
31 209
31 218
31 222
31 225
31 237
31 238
31 241
31 242
31 248
31 253
31 256
31 266
31 279
31 282
31 287
31 292
31 293
33 39
33 55
33 98
33 103
33 106
33 110
33 119
33 126
33 131
33 139
33 140
33 141
33 147
33 148
33 155
33 209
33 222
33 235
33 238
33 253
33 256
33 282
33 289
33 292
34 52
34 58
34 59
34 92
34 107
34 112
34 121
34 127
34 133
34 177
34 180
34 181
34 197
34 217
34 226
34 249
34 251
34 260
34 276
35 79
35 95
35 134
35 215
35 296
36 54
36 55
36 203
36 215
36 260
37 42
37 48
37 55
37 77
37 91
37 98
37 103
37 104
37 110
37 119
37 126
37 131
37 139
37 140
37 141
37 147
37 148
37 155
37 170
37 194
37 209
37 218
37 220
37 222
37 225
37 238
37 256
37 282
38 58
38 64
38 147
38 218
38 238
38 251
38 256
39 42
39 45
39 51
39 59
39 66
39 67
39 68
39 94
39 104
39 110
39 123
39 132
39 134
39 139
39 151
39 162
39 164
39 167
39 169
39 170
39 199
39 200
39 204
39 206
39 210
39 218
39 222
39 237
39 240
39 242
39 245
39 248
39 261
39 267
39 277
39 284
39 286
39 293
39 295
40 165
41 48
41 52
41 91
41 92
41 112
41 119
41 123
41 127
41 139
41 147
41 184
41 218
41 225
41 256
41 268
41 282
42 50
42 55
42 63
42 74
42 86
42 95
42 99
42 106
42 111
42 131
42 149
42 150
42 177
42 192
42 203
42 243
42 254
42 255
42 258
42 260
42 267
42 271
42 275
42 289
42 296
44 145
44 182
44 214
45 55
45 101
45 106
45 111
45 140
45 152
45 177
45 190
45 203
45 236
45 255
45 258
46 48
46 58
46 64
46 119
46 122
46 139
46 147
46 160
46 192
46 196
46 211
46 213
46 218
46 225
46 238
46 251
46 256
46 258
46 271
46 282
46 287
47 50
47 57
47 62
47 67
47 79
47 86
47 105
47 146
47 150
47 160
47 188
47 192
47 199
47 211
47 215
47 223
47 231
47 240
47 254
47 255
47 258
47 261
47 271
47 272
47 275
47 284
47 286
47 296
48 49
48 51
48 53
48 58
48 60
48 62
48 70
48 71
48 81
48 105
48 107
48 113
48 121
48 166
48 191
48 192
48 205
48 213
48 220
48 221
48 223
48 229
48 231
48 240
48 251
48 254
48 255
48 258
48 260
48 271
48 272
48 278
48 287
48 294
48 296
48 300
49 72
49 77
49 112
49 119
49 123
49 127
49 139
49 147
49 172
49 184
49 218
49 225
49 235
49 256
49 282
50 103
50 104
50 123
50 126
50 134
50 141
50 148
50 151
50 155
50 167
50 170
50 194
50 198
50 200
50 210
50 218
50 222
50 237
50 238
50 253
50 261
50 284
50 289
50 292
51 54
51 55
51 63
51 73
51 95
51 99
51 101
51 102
51 111
51 114
51 123
51 140
51 147
51 149
51 177
51 192
51 203
51 218
51 231
51 238
51 243
51 255
51 256
51 258
51 260
51 272
51 296
52 70
52 71
52 81
52 105
52 107
52 122
52 149
52 212
52 228
52 234
52 254
52 255
52 260
52 290
53 112
53 119
53 127
53 139
53 147
53 218
53 225
53 256
53 282
54 55
54 66
54 110
54 119
54 123
54 126
54 131
54 139
54 147
54 151
54 162
54 167
54 169
54 183
54 184
54 194
54 200
54 218
54 222
54 237
54 238
54 239
54 241
54 242
54 248
54 256
54 279
54 282
54 298
55 56
55 59
55 67
55 73
55 86
55 93
55 97
55 101
55 102
55 104
55 105
55 114
55 123
55 125
55 131
55 132
55 134
55 136
55 138
55 147
55 149
55 150
55 151
55 152
55 153
55 154
55 159
55 160
55 162
55 164
55 167
55 169
55 178
55 179
55 183
55 188
55 190
55 193
55 194
55 199
55 200
55 204
55 206
55 208
55 210
55 211
55 215
55 218
55 222
55 223
55 236
55 237
55 238
55 239
55 245
55 246
55 256
55 261
55 267
55 270
55 275
55 277
55 279
55 284
55 286
55 292
55 293
56 73
56 79
56 101
56 102
56 140
56 152
56 169
56 179
56 186
56 190
56 210
56 236
56 246
56 270
57 63
57 72
57 74
57 104
57 123
57 126
57 131
57 134
57 140
57 149
57 151
57 172
57 193
57 194
57 210
57 218
57 256
57 260
57 292
58 70
58 77
58 78
58 81
58 85
58 112
58 122
58 127
58 130
58 133
58 187
58 188
58 196
58 205
58 213
58 217
58 221
58 226
58 227
58 228
58 234
58 235
58 249
58 264
58 271
58 272
58 273
58 274
58 276
58 280
58 287
58 288
59 63
59 74
59 99
59 106
59 111
59 123
59 140
59 149
59 177
59 203
59 243
59 254
59 260
59 271
59 272
59 279
59 284
59 289
59 296
60 123
60 147
60 188
60 192
60 218
60 223
60 231
60 256
60 258
60 271
60 272
60 286
62 63
62 66
62 68
62 82
62 88
62 89
62 110
62 134
62 140
62 144
62 147
62 149
62 150
62 178
62 198
62 204
62 206
62 218
62 241
62 242
62 256
62 293
63 67
63 79
63 93
63 94
63 98
63 104
63 117
63 119
63 121
63 123
63 125
63 131
63 134
63 136
63 139
63 146
63 147
63 160
63 170
63 184
63 188
63 190
63 206
63 209
63 210
63 215
63 218
63 222
63 225
63 226
63 231
63 238
63 261
63 267
63 277
63 278
63 282
63 284
63 293
64 78
64 85
64 98
64 133
64 143
64 209
64 213
64 256
64 264
64 291
65 263
66 79
66 99
66 111
66 177
66 215
66 260
66 272
67 95
67 126
67 134
67 140
67 149
67 193
67 194
67 203
67 206
67 210
67 218
67 243
67 260
67 261
67 284
70 72
70 77
70 92
70 108
70 119
70 123
70 139
70 143
70 147
70 172
70 184
70 207
70 218
70 225
70 235
70 238
70 251
70 256
70 282
70 291
71 72
71 80
71 92
71 112
71 119
71 123
71 127
71 139
71 147
71 166
71 172
71 184
71 218
71 225
71 238
71 256
71 268
71 282
72 81
72 86
72 107
72 113
72 160
72 177
72 188
72 191
72 211
72 212
72 229
72 244
72 259
72 272
72 290
72 294
73 97
73 140
73 151
73 164
73 167
73 169
73 186
73 200
73 222
73 279
73 292
74 79
74 93
74 94
74 95
74 104
74 117
74 119
74 123
74 125
74 126
74 131
74 132
74 134
74 136
74 139
74 140
74 146
74 147
74 150
74 170
74 178
74 193
74 204
74 206
74 208
74 210
74 215
74 218
74 222
74 226
74 240
74 255
74 261
74 265
74 267
74 277
74 279
74 282
74 284
74 293
77 81
77 95
77 105
77 112
77 127
77 178
77 208
77 212
77 227
77 234
77 247
77 249
77 251
77 280
77 287
77 288
77 290
78 98
78 119
78 123
78 139
78 147
78 209
78 218
78 238
78 251
78 256
78 282
79 89
79 103
79 110
79 119
79 123
79 132
79 139
79 140
79 141
79 144
79 147
79 148
79 155
79 159
79 162
79 179
79 184
79 194
79 200
79 210
79 218
79 225
79 237
79 238
79 248
79 253
79 256
79 282
79 289
81 92
81 98
81 119
81 121
81 123
81 132
81 139
81 143
81 147
81 168
81 172
81 184
81 209
81 218
81 225
81 235
81 238
81 251
81 256
81 282
81 291
82 169
82 192
82 210
82 263
82 272
82 284
84 177
84 192
84 255
85 147
85 187
85 213
85 218
85 251
85 256
86 103
86 110
86 119
86 126
86 131
86 134
86 139
86 140
86 141
86 147
86 148
86 155
86 170
86 172
86 194
86 218
86 220
86 238
86 256
86 270
86 282
88 272
89 192
89 211
89 231
89 241
89 255
89 258
89 272
89 296
90 146
90 192
90 199
90 231
90 240
90 255
90 271
90 272
90 296
91 112
91 127
91 160
91 180
91 197
91 229
91 235
91 258
91 273
91 289
92 105
92 107
92 122
92 149
92 212
92 228
92 234
92 254
92 255
92 260
92 290
93 95
93 103
93 106
93 134
93 140
93 141
93 146
93 148
93 149
93 155
93 210
93 240
93 261
93 271
93 278
93 284
93 289
94 99
94 105
94 106
94 111
94 136
94 140
94 149
94 177
94 203
94 243
94 254
94 260
94 275
94 289
95 119
95 125
95 131
95 139
95 140
95 146
95 147
95 150
95 151
95 173
95 200
95 206
95 215
95 218
95 222
95 226
95 237
95 242
95 256
95 261
95 266
95 267
95 277
95 279
95 282
95 284
95 292
95 293
96 147
96 256
97 102
97 125
97 140
97 146
97 160
97 192
98 105
98 107
98 112
98 133
98 143
98 146
98 221
98 223
98 240
98 254
98 260
98 272
98 278
98 287
98 294
98 296
99 104
99 110
99 123
99 131
99 132
99 139
99 147
99 162
99 164
99 170
99 178
99 193
99 200
99 206
99 208
99 210
99 218
99 222
99 237
99 256
99 261
99 277
99 279
99 284
99 292
100 297
101 138
101 167
101 169
101 179
101 188
101 210
101 237
101 270
101 285
102 140
102 151
102 164
102 167
102 169
102 186
102 200
102 222
102 279
102 292
103 105
103 111
103 117
103 125
103 136
103 149
103 150
103 178
103 193
103 204
103 206
103 208
103 215
103 247
103 254
103 258
103 265
103 267
103 275
103 293
103 295
104 105
104 106
104 111
104 149
104 150
104 167
104 177
104 188
104 192
104 203
104 210
104 243
104 254
104 255
104 258
104 260
104 267
104 275
104 279
104 289
104 296
105 110
105 119
105 123
105 126
105 131
105 132
105 139
105 140
105 141
105 147
105 148
105 155
105 161
105 169
105 170
105 173
105 194
105 200
105 209
105 218
105 220
105 225
105 238
105 256
105 282
106 119
106 123
106 126
106 131
106 132
106 139
106 140
106 147
106 154
106 162
106 169
106 170
106 200
106 204
106 206
106 210
106 218
106 225
106 237
106 238
106 240
106 261
106 267
106 270
106 275
106 277
106 279
106 282
106 284
106 293
106 295
106 296
107 112
107 119
107 123
107 127
107 139
107 147
107 172
107 184
107 209
107 218
107 225
107 256
107 268
107 273
107 282
108 112
108 127
108 226
108 238
108 260
108 273
108 274
108 294
109 188
109 218
109 235
109 238
109 256
109 258
110 125
110 160
110 188
110 192
110 199
110 211
110 223
110 240
110 241
110 255
110 258
110 263
110 271
110 272
111 123
111 132
111 134
111 146
111 147
111 151
111 153
111 162
111 164
111 167
111 169
111 170
111 178
111 197
111 200
111 204
111 208
111 210
111 218
111 222
111 225
111 237
111 238
111 245
111 261
111 270
111 279
111 284
111 292
111 293
112 113
112 121
112 124
112 156
112 189
112 191
112 197
112 207
112 209
112 217
112 229
112 235
112 238
112 249
112 251
112 273
112 276
113 119
113 123
113 127
113 139
113 147
113 172
113 184
113 218
113 225
113 226
113 238
113 256
113 282
114 167
114 237
116 146
116 192
116 223
116 231
116 240
116 255
116 272
117 119
117 134
117 139
117 140
117 141
117 146
117 147
117 148
117 155
117 162
117 184
117 200
117 218
117 222
117 225
117 256
117 260
117 279
117 282
117 289
117 292
119 122
119 125
119 136
119 143
119 177
119 180
119 185
119 188
119 191
119 192
119 211
119 212
119 213
119 215
119 223
119 229
119 240
119 244
119 247
119 254
119 258
119 260
119 265
119 272
119 278
119 287
119 290
119 294
119 295
121 127
121 156
121 189
121 197
121 217
121 218
121 226
121 251
121 272
121 273
121 274
121 276
121 280
121 288
122 123
122 139
122 143
122 147
122 184
122 218
122 238
122 251
122 256
122 282
122 291
123 125
123 132
123 133
123 149
123 160
123 166
123 168
123 170
123 177
123 178
123 180
123 185
123 188
123 191
123 192
123 193
123 199
123 204
123 211
123 212
123 213
123 221
123 222
123 223
123 229
123 231
123 234
123 240
123 244
123 254
123 258
123 260
123 265
123 271
123 272
123 278
123 286
123 287
123 289
123 290
123 294
124 127
124 197
124 217
124 223
124 234
124 238
124 276
125 134
125 139
125 140
125 141
125 148
125 149
125 151
125 155
125 184
125 200
125 218
125 225
125 238
125 248
125 256
125 260
125 279
125 282
125 289
125 292
126 131
126 150
126 160
126 192
126 194
126 199
126 211
126 223
126 240
126 243
126 247
126 256
126 260
126 271
126 272
126 275
126 277
126 278
126 286
126 289
127 156
127 189
127 191
127 197
127 207
127 217
127 229
127 235
127 249
127 251
127 273
127 274
127 276
130 143
130 147
130 218
130 221
130 238
130 251
130 256
131 132
131 159
131 160
131 164
131 177
131 192
131 211
131 218
131 247
131 254
131 258
131 271
131 272
131 278
131 289
132 149
132 160
132 177
132 203
132 218
132 225
132 238
132 243
132 254
132 258
132 260
132 278
132 286
132 289
133 139
133 147
133 171
133 184
133 209
133 213
133 218
133 221
133 225
133 238
133 251
133 256
133 291
134 136
134 140
134 146
134 149
134 150
134 178
134 188
134 193
134 203
134 204
134 206
134 208
134 211
134 215
134 260
134 261
134 265
134 277
134 278
134 284
134 289
134 293
136 139
136 140
136 146
136 147
136 148
136 149
136 194
136 209
136 218
136 241
136 256
136 261
136 277
136 282
136 284
136 289
138 140
138 177
139 160
139 166
139 168
139 170
139 177
139 180
139 185
139 188
139 191
139 192
139 204
139 211
139 212
139 213
139 215
139 220
139 221
139 223
139 229
139 231
139 240
139 244
139 247
139 254
139 255
139 258
139 260
139 265
139 271
139 272
139 278
139 286
139 287
139 290
139 294
140 147
140 149
140 151
140 152
140 153
140 154
140 159
140 160
140 162
140 164
140 167
140 169
140 178
140 179
140 183
140 188
140 190
140 194
140 200
140 206
140 208
140 210
140 211
140 215
140 218
140 222
140 236
140 237
140 239
140 242
140 245
140 246
140 247
140 255
140 256
140 261
140 270
140 277
140 278
140 279
140 284
140 292
140 293
140 295
141 150
141 178
141 204
141 206
141 208
141 215
141 247
141 258
141 265
141 267
141 275
141 293
141 295
142 177
143 147
143 196
143 205
143 209
143 234
143 238
143 264
143 282
143 287
143 291
144 192
144 215
144 240
144 241
144 255
144 271
144 272
146 149
146 151
146 164
146 178
146 193
146 204
146 206
146 208
146 209
146 218
146 222
146 247
146 256
146 265
146 267
146 277
146 289
146 293
147 149
147 166
147 177
147 178
147 180
147 185
147 188
147 191
147 192
147 199
147 204
147 205
147 210
147 211
147 212
147 213
147 215
147 220
147 221
147 222
147 223
147 227
147 228
147 229
147 231
147 234
147 240
147 244
147 247
147 254
147 255
147 258
147 260
147 264
147 265
147 271
147 272
147 278
147 286
147 287
147 289
147 290
147 294
147 295
147 296
148 150
148 178
148 203
148 204
148 206
148 208
148 215
148 247
148 265
148 267
148 272
148 275
148 293
148 295
149 170
149 194
149 199
149 206
149 215
149 218
149 223
149 237
149 238
149 240
149 245
149 255
149 256
149 261
149 271
149 272
149 277
149 284
149 286
149 293
150 155
150 170
150 179
150 194
150 237
150 255
150 256
150 284
150 289
151 160
151 177
151 184
151 188
151 192
151 199
151 203
151 215
151 223
151 243
151 254
151 255
151 271
151 272
151 275
151 278
152 159
152 167
152 169
152 179
152 210
152 237
152 245
152 246
152 254
152 258
152 270
152 285
153 159
153 179
153 188
153 246
153 258
155 178
155 204
155 206
155 208
155 215
155 247
155 258
155 265
155 267
155 275
155 293
155 295
156 212
156 238
156 244
156 249
156 273
156 274
156 290
159 177
159 243
160 167
160 172
160 173
160 190
160 194
160 206
160 218
160 241
160 253
160 256
160 279
160 287
161 202
161 258
162 203
162 247
162 254
162 271
162 272
164 177
164 192
164 193
164 203
164 255
165 232
165 298
166 184
166 218
166 220
166 225
166 226
166 229
166 238
166 256
166 271
166 273
167 177
167 188
167 192
167 193
167 203
167 231
167 236
167 255
167 272
167 278
167 289
168 218
168 256
169 177
169 192
169 203
169 243
169 260
169 265
169 275
169 278
170 177
170 203
170 204
170 238
170 243
170 254
170 256
170 260
170 265
170 271
170 272
170 275
170 289
170 296
171 205
171 227
171 228
171 234
172 177
172 188
172 191
172 211
172 212
172 229
172 244
172 259
172 272
172 290
172 294
173 192
173 199
173 211
173 223
173 240
173 255
173 261
173 271
173 272
173 296
177 178
177 184
177 200
177 206
177 210
177 218
177 222
177 225
177 226
177 237
177 238
177 239
177 242
177 256
177 261
177 270
177 279
177 282
177 284
177 292
177 293
178 188
178 209
178 243
178 261
178 271
178 284
178 289
179 275
180 184
180 209
180 218
180 225
180 256
180 273
180 274
180 282
181 273
181 274
182 224
184 185
184 191
184 196
184 203
184 211
184 212
184 213
184 215
184 221
184 222
184 229
184 254
184 260
184 265
184 287
184 290
185 218
185 225
185 238
185 256
185 282
186 195
187 205
187 213
187 238
187 256
188 196
188 204
188 206
188 218
188 222
188 241
188 253
188 256
188 282
188 293
189 212
189 238
189 244
189 249
189 273
189 274
189 290
190 237
190 285
191 218
191 225
191 256
191 282
192 194
192 197
192 200
192 210
192 218
192 222
192 225
192 236
192 237
192 238
192 239
192 241
192 242
192 243
192 253
192 256
192 279
192 282
192 287
192 292
192 293
193 199
193 222
193 223
193 238
193 240
193 255
193 261
193 271
193 277
193 278
193 284
193 286
193 292
194 215
194 218
194 223
194 225
194 231
194 247
194 254
194 255
194 260
194 267
194 275
194 277
194 278
194 296
196 218
196 225
196 238
196 251
196 256
196 291
197 203
197 212
197 217
197 226
197 235
197 238
197 240
197 249
197 268
197 273
197 274
197 276
197 280
197 288
197 290
198 263
198 271
198 289
199 218
199 225
199 238
199 241
199 243
199 256
199 265
199 293
200 203
200 247
200 254
200 258
200 271
200 272
203 210
203 218
203 222
203 230
203 237
203 238
203 256
203 261
203 267
203 277
203 278
203 279
203 284
203 292
204 210
204 211
204 231
204 255
204 256
204 260
204 261
204 271
204 277
204 284
204 289
205 213
205 218
205 238
205 251
205 256
205 273
205 291
206 211
206 231
206 240
206 243
206 254
206 255
206 260
206 261
206 277
206 278
206 284
206 289
206 296
207 226
207 238
207 260
207 273
207 274
207 294
208 243
208 260
208 261
208 271
208 277
208 278
208 284
208 289
209 221
209 223
209 240
209 254
209 260
209 272
209 278
209 287
209 294
209 296
210 215
210 218
210 231
210 240
210 243
210 256
210 258
210 260
210 267
210 275
210 289
210 296
211 218
211 222
211 241
211 253
211 256
211 282
211 293
212 217
212 256
212 276
212 282
212 290
213 218
213 221
213 225
213 238
213 251
213 256
213 282
215 218
215 225
215 238
215 248
215 253
215 279
215 282
215 289
215 292
217 238
217 249
217 251
217 273
217 274
217 290
218 220
218 222
218 223
218 228
218 229
218 231
218 240
218 241
218 244
218 247
218 254
218 255
218 258
218 265
218 270
218 271
218 272
218 275
218 278
218 279
218 286
218 287
218 289
218 294
218 296
220 225
220 226
220 256
221 225
221 234
221 251
221 256
221 264
222 223
222 240
222 243
222 247
222 254
222 258
222 260
222 271
222 272
222 278
222 289
223 225
223 238
223 241
223 243
223 256
223 265
223 282
223 293
225 229
225 231
225 240
225 247
225 258
225 260
225 271
225 272
225 286
225 287
225 289
225 296
226 251
226 274
226 294
227 238
227 251
227 256
228 238
228 256
229 256
229 268
229 280
229 282
229 288
230 243
231 237
231 241
231 243
231 248
231 253
231 256
231 277
231 293
232 238
232 260
232 275
234 238
234 251
234 256
234 273
235 247
235 249
235 251
235 274
235 280
235 288
236 245
236 270
236 285
237 240
237 243
237 255
237 256
237 258
237 260
237 267
237 272
237 275
237 278
237 286
237 289
237 295
237 296
238 240
238 243
238 247
238 258
238 260
238 264
238 268
238 275
238 276
238 280
238 287
238 288
238 295
239 260
239 272
239 278
240 241
240 243
240 248
240 256
240 265
240 273
240 282
240 289
240 293
241 254
241 255
241 258
241 271
241 272
241 286
241 296
242 255
242 263
242 272
242 284
243 256
243 261
243 267
243 277
243 284
243 286
244 249
244 256
244 268
244 282
247 256
247 261
247 282
247 284
247 287
247 289
248 260
248 271
248 272
249 251
249 273
249 276
251 264
251 268
251 272
251 273
251 274
251 276
251 280
251 287
251 288
253 256
253 258
253 271
253 272
253 275
254 256
254 279
254 282
254 292
255 256
255 267
255 275
255 277
255 293
256 258
256 260
256 271
256 272
256 275
256 278
256 286
256 287
256 289
256 290
256 294
256 295
256 296
256 300
258 270
258 279
258 282
258 292
260 261
260 277
260 278
260 279
260 282
260 284
261 265
261 278
261 289
261 293
263 266
265 277
265 278
265 282
265 284
265 286
267 289
267 292
268 273
268 274
270 275
271 287
271 293
272 282
272 287
272 292
272 293
273 276
273 280
273 287
273 288
274 276
275 289
275 292
276 290
277 289
277 295
278 279
278 282
278 292
282 287
282 290
282 294
282 295
284 289
284 293
286 293
287 291
289 293
293 296
