heur048_n_300_m_14666
1 3
1 5
1 7
1 8
1 9
1 12
1 13
1 14
1 29
1 32
1 35
1 36
1 48
1 57
1 63
1 82
1 89
1 91
1 102
1 118
1 139
1 149
1 150
1 151
1 158
1 181
1 183
1 185
1 188
1 190
1 191
1 196
1 198
1 200
1 202
1 211
1 222
1 230
1 245
1 251
1 252
1 256
1 262
1 263
1 264
1 275
1 288
1 289
1 292
1 293
1 295
1 297
1 298
1 299
2 3
2 5
2 7
2 8
2 9
2 10
2 12
2 13
2 14
2 16
2 17
2 28
2 32
2 35
2 36
2 48
2 52
2 57
2 71
2 82
2 83
2 94
2 103
2 109
2 177
2 181
2 183
2 185
2 188
2 191
2 194
2 196
2 198
2 199
2 200
2 202
2 204
2 211
2 214
2 216
2 219
2 221
2 222
2 230
2 231
2 261
2 263
2 275
2 283
2 289
2 290
2 292
3 4
3 7
3 11
3 12
3 13
3 15
3 17
3 25
3 26
3 27
3 29
3 30
3 32
3 37
3 41
3 43
3 47
3 48
3 50
3 53
3 54
3 58
3 60
3 67
3 68
3 74
3 78
3 82
3 84
3 86
3 88
3 95
3 98
3 106
3 108
3 118
3 138
3 142
3 151
3 178
3 180
3 185
3 186
3 187
3 190
3 191
3 194
3 196
3 209
3 233
3 248
3 249
3 251
3 252
3 254
3 255
3 256
3 257
3 258
3 259
3 260
3 261
3 262
3 264
3 268
3 269
3 270
3 273
3 276
3 277
3 278
3 279
3 282
3 283
3 287
3 289
3 292
3 298
4 7
4 8
4 10
4 11
4 12
4 13
4 15
4 17
4 19
4 20
4 25
4 27
4 28
4 29
4 31
4 33
4 35
4 37
4 38
4 39
4 41
4 43
4 46
4 49
4 50
4 52
4 55
4 58
4 60
4 63
4 68
4 69
4 75
4 77
4 79
4 84
4 85
4 88
4 95
4 98
4 106
4 108
4 113
4 116
4 119
4 121
4 131
4 138
4 145
4 148
4 155
4 167
4 168
4 171
4 172
4 173
4 175
4 176
4 180
4 187
4 188
4 193
4 196
4 198
4 200
4 205
4 206
4 207
4 209
4 211
4 220
4 222
4 223
4 227
4 228
4 232
4 233
4 234
4 235
4 236
4 237
4 246
4 248
4 257
4 258
4 260
4 263
4 273
4 277
4 288
4 292
4 293
5 7
5 8
5 10
5 11
5 12
5 13
5 15
5 17
5 20
5 26
5 27
5 31
5 32
5 35
5 36
5 37
5 38
5 42
5 43
5 46
5 47
5 49
5 56
5 57
5 58
5 60
5 61
5 62
5 64
5 68
5 69
5 70
5 73
5 74
5 75
5 77
5 78
5 79
5 88
5 95
5 96
5 98
5 101
5 102
5 105
5 106
5 119
5 138
5 148
5 167
5 173
5 179
5 180
5 186
5 191
5 194
5 196
5 226
5 227
5 228
5 229
5 231
5 232
5 234
5 237
5 238
5 239
5 243
5 245
5 247
5 249
5 256
5 257
5 258
5 260
5 262
5 264
5 273
5 277
5 292
5 293
6 7
6 8
6 10
6 11
6 12
6 13
6 15
6 18
6 20
6 21
6 23
6 25
6 26
6 27
6 30
6 31
6 35
6 41
6 43
6 47
6 49
6 54
6 57
6 58
6 60
6 62
6 63
6 64
6 68
6 70
6 75
6 77
6 79
6 88
6 95
6 98
6 106
6 108
6 116
6 119
6 138
6 142
6 148
6 168
6 173
6 178
6 180
6 187
6 205
6 207
6 209
6 211
6 220
6 225
6 226
6 232
6 233
6 234
6 243
6 246
6 247
6 249
6 250
6 251
6 253
6 255
6 260
6 263
6 277
6 292
6 293
7 8
7 9
7 10
7 11
7 13
7 14
7 15
7 29
7 37
7 38
7 39
7 40
7 41
7 42
7 43
7 46
7 47
7 49
7 50
7 51
7 53
7 55
7 56
7 57
7 58
7 60
7 69
7 74
7 79
7 82
7 86
7 104
7 113
7 119
7 130
7 131
7 133
7 168
7 179
7 180
7 187
7 201
7 202
7 209
7 226
7 229
7 231
7 232
7 233
7 247
7 248
7 251
7 253
7 288
7 299
8 9
8 10
8 11
8 12
8 13
8 14
8 36
8 45
8 48
8 49
8 52
8 57
8 64
8 70
8 74
8 79
8 82
8 84
8 85
8 163
8 174
8 177
8 199
8 211
8 219
8 221
8 222
8 247
8 252
8 253
8 283
8 288
8 298
8 299
8 300
9 10
9 11
9 12
9 13
9 18
9 20
9 21
9 22
9 23
9 25
9 26
9 27
9 29
9 30
9 31
9 35
9 37
9 43
9 58
9 63
9 75
9 79
9 88
9 89
9 92
9 95
9 97
9 100
9 101
9 105
9 108
9 130
9 138
9 148
9 155
9 167
9 171
9 173
9 180
9 187
9 190
9 196
9 225
9 230
9 240
9 243
9 248
9 256
9 257
9 258
9 259
9 260
9 261
9 273
9 277
9 292
9 293
10 11
10 12
10 13
10 14
10 15
10 18
10 19
10 21
10 22
10 23
10 26
10 28
10 30
10 32
10 34
10 36
10 37
10 38
10 39
10 40
10 42
10 43
10 44
10 47
10 48
10 49
10 50
10 51
10 52
10 53
10 54
10 55
10 60
10 61
10 69
10 70
10 77
10 79
10 82
10 84
10 86
10 87
10 90
10 91
10 92
10 93
10 94
10 96
10 99
10 101
10 102
10 103
10 104
10 105
10 107
10 109
10 112
10 114
10 115
10 117
10 122
10 123
10 124
10 125
10 126
10 129
10 131
10 132
10 134
10 136
10 137
10 139
10 140
10 143
10 144
10 145
10 146
10 155
10 166
10 167
10 168
10 170
10 173
10 175
10 177
10 179
10 180
10 185
10 187
10 188
10 191
10 193
10 194
10 198
10 203
10 206
10 207
10 209
10 211
10 214
10 215
10 217
10 220
10 222
10 223
10 224
10 225
10 226
10 228
10 230
10 232
10 234
10 236
10 237
10 238
10 239
10 240
10 241
10 242
10 246
10 247
10 248
10 249
10 255
10 256
10 258
10 260
10 262
10 277
10 281
10 286
10 292
10 296
10 299
11 12
11 13
11 14
11 16
11 17
11 21
11 28
11 29
11 35
11 45
11 48
11 52
11 57
11 66
11 67
11 71
11 72
11 80
11 81
11 82
11 83
11 109
11 174
11 177
11 181
11 183
11 185
11 188
11 196
11 198
11 199
11 200
11 201
11 202
11 221
11 231
11 245
11 252
11 258
11 260
11 261
11 263
11 270
11 275
11 278
11 283
11 286
11 289
11 290
11 292
12 13
12 14
12 15
12 17
12 21
12 29
12 37
12 39
12 41
12 47
12 49
12 50
12 53
12 54
12 58
12 61
12 62
12 64
12 65
12 67
12 68
12 69
12 70
12 74
12 76
12 79
12 82
12 104
12 109
12 171
12 186
12 187
12 191
12 194
12 196
12 199
12 225
12 233
12 243
12 247
12 258
12 260
12 261
12 263
12 264
12 270
12 277
12 278
12 279
12 286
13 14
13 15
13 17
13 18
13 20
13 21
13 23
13 26
13 27
13 28
13 29
13 30
13 31
13 32
13 33
13 34
13 35
13 36
13 38
13 39
13 41
13 44
13 45
13 47
13 51
13 52
13 57
13 61
13 62
13 64
13 65
13 66
13 67
13 68
13 73
13 74
13 75
13 76
13 78
13 79
13 82
13 84
13 85
13 89
13 96
13 114
13 139
13 140
13 150
13 155
13 158
13 163
13 167
13 168
13 172
13 176
13 179
13 184
13 186
13 187
13 191
13 196
13 198
13 204
13 211
13 214
13 217
13 219
13 221
13 222
13 225
13 227
13 228
13 229
13 233
13 237
13 243
13 275
13 277
13 283
13 287
13 288
13 291
13 292
13 300
14 18
14 20
14 22
14 23
14 26
14 30
14 31
14 32
14 35
14 37
14 38
14 42
14 49
14 57
14 60
14 69
14 70
14 79
14 89
14 91
14 92
14 93
14 94
14 96
14 97
14 99
14 100
14 102
14 104
14 105
14 107
14 119
14 138
14 168
14 170
14 171
14 187
14 220
14 223
14 225
14 226
14 228
14 232
14 239
14 241
14 243
14 247
14 254
14 256
14 257
14 258
14 277
15 17
15 20
15 21
15 22
15 25
15 26
15 27
15 31
15 32
15 33
15 36
15 39
15 40
15 41
15 42
15 44
15 46
15 48
15 49
15 53
15 55
15 56
15 57
15 58
15 85
15 86
15 87
15 88
15 90
15 91
15 92
15 93
15 94
15 98
15 99
15 103
15 104
15 105
15 106
15 107
15 108
15 116
15 118
15 121
15 124
15 127
15 131
15 132
15 133
15 135
15 142
15 147
15 158
15 161
15 167
15 168
15 177
15 196
15 198
15 202
15 214
15 216
15 220
15 224
15 225
15 226
15 227
15 229
15 232
15 234
15 235
15 236
15 237
15 239
15 241
15 242
15 243
15 244
15 246
15 248
15 249
15 251
15 266
15 268
15 270
15 271
15 272
15 273
15 274
15 276
15 278
15 279
15 282
15 288
15 293
15 298
16 17
16 18
16 19
16 20
16 22
16 23
16 24
16 25
16 26
16 27
16 31
16 32
16 33
16 34
16 35
16 48
16 57
16 62
16 63
16 70
16 72
16 73
16 76
16 79
16 84
16 111
16 114
16 115
16 117
16 118
16 120
16 121
16 122
16 127
16 128
16 131
16 139
16 140
16 142
16 143
16 146
16 147
16 149
16 150
16 151
16 152
16 154
16 156
16 158
16 160
16 162
16 165
16 174
16 179
16 181
16 183
16 184
16 186
16 187
16 191
16 196
16 198
16 200
16 201
16 202
16 204
16 216
16 230
16 244
16 245
16 250
16 251
16 253
16 255
16 256
16 257
16 258
16 259
16 260
16 262
16 264
16 271
16 275
16 277
16 283
16 289
16 292
16 293
16 294
16 295
16 296
16 297
16 298
16 299
17 18
17 19
17 21
17 22
17 23
17 26
17 28
17 29
17 30
17 32
17 34
17 38
17 44
17 52
17 53
17 55
17 56
17 57
17 58
17 63
17 64
17 65
17 66
17 68
17 69
17 71
17 74
17 75
17 77
17 78
17 80
17 85
17 91
17 92
17 95
17 96
17 99
17 100
17 101
17 104
17 105
17 107
17 109
17 110
17 113
17 118
17 119
17 120
17 123
17 125
17 126
17 127
17 131
17 132
17 134
17 135
17 136
17 139
17 140
17 141
17 144
17 149
17 167
17 168
17 172
17 173
17 185
17 188
17 191
17 193
17 194
17 198
17 199
17 200
17 220
17 224
17 225
17 228
17 233
17 234
17 237
17 243
17 250
17 251
17 255
17 259
17 260
17 261
17 263
17 264
17 270
17 277
17 278
17 280
17 286
17 287
17 289
17 291
17 292
17 293
17 294
17 295
17 298
17 300
18 19
18 20
18 24
18 25
18 27
18 28
18 29
18 31
18 33
18 35
18 41
18 61
18 62
18 65
18 68
18 69
18 75
18 77
18 78
18 81
18 83
18 84
18 86
18 87
18 90
18 91
18 94
18 97
18 99
18 103
18 104
18 106
18 108
18 109
18 115
18 122
18 124
18 130
18 137
18 168
18 172
18 173
18 196
18 198
18 227
18 235
18 236
18 237
18 246
18 248
18 251
18 253
18 255
18 256
18 257
18 258
18 259
18 261
18 263
18 264
18 268
18 270
18 271
18 275
18 277
18 278
18 279
18 283
18 294
18 297
18 298
19 20
19 21
19 22
19 23
19 25
19 26
19 27
19 28
19 29
19 30
19 31
19 32
19 33
19 34
19 35
19 36
19 37
19 38
19 39
19 40
19 41
19 44
19 45
19 46
19 48
19 49
19 50
19 51
19 52
19 54
19 55
19 56
19 58
19 61
19 63
19 66
19 69
19 72
19 92
19 96
19 101
19 105
19 106
19 108
19 116
19 121
19 130
19 145
19 147
19 152
19 153
19 155
19 157
19 159
19 160
19 161
19 163
19 164
19 165
19 168
19 172
19 203
19 204
19 205
19 206
19 207
19 208
19 209
19 210
19 212
19 213
19 214
19 215
19 217
19 218
19 220
19 222
19 223
19 225
19 236
19 254
19 265
19 267
19 269
19 275
19 277
19 281
19 283
19 285
19 287
19 288
19 290
19 293
19 296
19 297
19 298
20 21
20 22
20 23
20 26
20 28
20 29
20 30
20 32
20 34
20 37
20 38
20 39
20 43
20 49
20 50
20 52
20 53
20 55
20 56
20 61
20 62
20 66
20 68
20 69
20 70
20 75
20 77
20 79
20 82
20 84
20 87
20 89
20 90
20 91
20 92
20 93
20 94
20 95
20 96
20 97
20 99
20 100
20 101
20 102
20 103
20 104
20 105
20 107
20 109
20 110
20 114
20 125
20 126
20 129
20 130
20 132
20 134
20 136
20 139
20 145
20 148
20 149
20 167
20 168
20 175
20 190
20 197
20 198
20 209
20 220
20 225
20 229
20 232
20 237
20 238
20 247
20 248
20 250
20 253
20 258
20 259
20 260
20 262
20 264
20 265
20 277
20 279
20 286
20 288
20 289
20 291
20 292
20 295
20 298
21 25
21 27
21 28
21 29
21 31
21 33
21 35
21 37
21 38
21 39
21 41
21 43
21 44
21 46
21 49
21 50
21 51
21 52
21 54
21 55
21 56
21 57
21 61
21 62
21 66
21 69
21 73
21 79
21 85
21 86
21 88
21 89
21 94
21 95
21 98
21 106
21 108
21 112
21 117
21 121
21 124
21 130
21 133
21 147
21 167
21 172
21 173
21 175
21 188
21 193
21 196
21 197
21 198
21 200
21 224
21 232
21 236
21 256
21 258
21 263
21 264
21 277
22 24
22 25
22 27
22 28
22 29
22 31
22 33
22 35
22 41
22 58
22 62
22 63
22 65
22 68
22 69
22 75
22 77
22 78
22 81
22 84
22 86
22 88
22 95
22 98
22 106
22 108
22 122
22 132
22 148
22 168
22 196
22 227
22 228
22 229
22 232
22 234
22 235
22 236
22 237
22 244
22 246
22 248
22 251
22 252
22 253
22 257
22 258
22 262
22 263
22 264
22 270
22 277
22 283
23 25
23 27
23 28
23 29
23 31
23 33
23 35
23 41
23 61
23 62
23 64
23 65
23 66
23 68
23 69
23 72
23 73
23 75
23 77
23 78
23 79
23 82
23 84
23 85
23 86
23 87
23 88
23 90
23 92
23 94
23 97
23 98
23 99
23 103
23 106
23 108
23 109
23 112
23 129
23 130
23 133
23 145
23 188
23 193
23 194
23 196
23 197
23 198
23 235
23 236
23 246
23 248
23 257
23 261
23 264
23 277
23 279
23 289
23 292
23 295
24 26
24 28
24 30
24 32
24 34
24 36
24 41
24 44
24 50
24 56
24 63
24 77
24 79
24 88
24 92
24 94
24 95
24 106
24 108
24 109
24 118
24 134
24 137
24 145
24 152
24 153
24 154
24 164
24 172
24 173
24 185
24 188
24 190
24 191
24 193
24 220
24 224
24 232
24 235
24 237
24 241
24 243
24 244
24 246
24 248
24 255
24 256
24 260
24 261
24 262
24 263
24 278
24 279
24 289
24 291
24 292
24 293
24 294
25 26
25 28
25 29
25 30
25 32
25 34
25 39
25 43
25 50
25 52
25 68
25 69
25 74
25 75
25 77
25 78
25 79
25 81
25 85
25 86
25 87
25 89
25 90
25 91
25 92
25 93
25 96
25 99
25 101
25 102
25 103
25 104
25 105
25 107
25 109
25 112
25 118
25 129
25 134
25 137
25 146
25 149
25 155
25 157
25 160
25 167
25 168
25 172
25 173
25 192
25 193
25 197
25 225
25 228
25 232
25 233
25 234
25 237
25 240
25 241
25 242
25 244
25 245
25 247
25 255
25 260
25 261
25 270
25 273
25 277
25 278
25 279
25 286
25 287
25 291
25 292
25 293
25 298
26 27
26 28
26 31
26 33
26 35
26 37
26 41
26 42
26 46
26 47
26 49
26 53
26 55
26 68
26 75
26 77
26 79
26 86
26 88
26 92
26 94
26 98
26 103
26 106
26 108
26 112
26 116
26 117
26 120
26 121
26 122
26 127
26 128
26 131
26 132
26 133
26 135
26 144
26 147
26 167
26 168
26 171
26 172
26 173
26 179
26 196
26 207
26 223
26 225
26 227
26 228
26 229
26 234
26 235
26 236
26 237
26 238
26 244
26 246
26 248
26 251
26 253
26 256
26 258
26 262
26 263
26 264
26 277
26 284
26 291
26 297
26 299
27 28
27 29
27 30
27 32
27 34
27 37
27 38
27 39
27 43
27 44
27 48
27 49
27 50
27 51
27 52
27 54
27 55
27 56
27 57
27 61
27 62
27 64
27 67
27 68
27 69
27 70
27 71
27 74
27 75
27 77
27 79
27 81
27 82
27 83
27 87
27 89
27 90
27 91
27 92
27 93
27 94
27 96
27 99
27 100
27 101
27 102
27 103
27 104
27 105
27 107
27 109
27 110
27 113
27 118
27 119
27 120
27 124
27 126
27 134
27 136
27 137
27 139
27 140
27 145
27 149
27 167
27 170
27 172
27 173
27 177
27 179
27 191
27 194
27 209
27 212
27 220
27 223
27 224
27 225
27 226
27 228
27 231
27 232
27 234
27 237
27 244
27 247
27 248
27 250
27 255
27 261
27 264
27 268
27 269
27 271
27 273
27 274
27 276
27 277
27 278
27 279
27 280
27 281
27 286
27 289
27 290
27 291
27 292
27 293
27 294
27 298
27 300
28 29
28 30
28 31
28 32
28 33
28 34
28 35
28 36
28 41
28 53
28 57
28 63
28 67
28 79
28 89
28 92
28 101
28 102
28 105
28 106
28 108
28 112
28 114
28 118
28 120
28 134
28 139
28 146
28 147
28 149
28 150
28 151
28 152
28 154
28 155
28 156
28 157
28 158
28 159
28 160
28 161
28 165
28 172
28 174
28 181
28 183
28 185
28 186
28 187
28 188
28 191
28 194
28 196
28 198
28 200
28 201
28 202
28 211
28 214
28 219
28 221
28 222
28 225
28 227
28 228
28 229
28 230
28 233
28 235
28 236
28 237
28 239
28 241
28 245
28 252
28 256
28 257
28 258
28 259
28 261
28 262
28 275
28 277
28 283
28 290
28 295
28 296
28 300
29 30
29 31
29 33
29 34
29 36
29 37
29 38
29 41
29 45
29 47
29 50
29 51
29 52
29 53
29 54
29 55
29 58
29 60
29 64
29 67
29 69
29 74
29 92
29 97
29 98
29 101
29 105
29 106
29 112
29 134
29 145
29 155
29 160
29 168
29 190
29 192
29 196
29 201
29 203
29 204
29 206
29 207
29 208
29 209
29 210
29 212
29 213
29 214
29 215
29 217
29 222
29 223
29 225
29 227
29 228
29 229
29 232
29 233
29 236
29 237
29 246
29 251
29 256
29 257
29 258
29 259
29 260
29 261
29 262
29 263
29 264
29 266
29 270
29 271
29 276
29 278
29 282
29 285
29 287
29 289
29 290
29 292
29 294
29 295
29 299
29 300
30 31
30 33
30 35
30 41
30 46
30 61
30 62
30 65
30 68
30 69
30 77
30 81
30 86
30 87
30 90
30 97
30 99
30 100
30 106
30 108
30 112
30 116
30 117
30 126
30 128
30 132
30 133
30 134
30 136
30 137
30 141
30 142
30 144
30 146
30 197
30 232
30 235
30 236
30 237
30 246
30 248
30 257
30 258
30 263
30 264
30 270
30 277
30 279
30 286
30 288
30 289
30 291
30 292
30 294
30 296
30 297
30 299
30 300
31 32
31 34
31 37
31 38
31 39
31 42
31 43
31 47
31 49
31 50
31 52
31 61
31 62
31 66
31 68
31 69
31 70
31 75
31 77
31 78
31 79
31 81
31 82
31 84
31 87
31 89
31 90
31 91
31 92
31 93
31 94
31 96
31 98
31 99
31 100
31 101
31 102
31 103
31 104
31 105
31 107
31 109
31 110
31 113
31 118
31 119
31 123
31 125
31 126
31 129
31 130
31 131
31 134
31 135
31 136
31 137
31 138
31 139
31 140
31 145
31 148
31 149
31 158
31 166
31 167
31 168
31 172
31 173
31 175
31 190
31 197
31 198
31 220
31 224
31 225
31 226
31 228
31 232
31 233
31 234
31 237
31 238
31 239
31 240
31 241
31 247
31 248
31 250
31 255
31 260
31 261
31 264
31 265
31 268
31 271
31 274
31 277
31 278
31 279
31 281
31 283
31 284
31 286
31 287
31 289
31 291
31 292
31 295
31 298
32 33
32 35
32 36
32 43
32 46
32 61
32 62
32 63
32 64
32 65
32 66
32 67
32 68
32 69
32 71
32 72
32 73
32 75
32 76
32 77
32 78
32 79
32 80
32 81
32 83
32 84
32 85
32 86
32 88
32 92
32 94
32 95
32 97
32 100
32 106
32 108
32 109
32 111
32 113
32 114
32 116
32 118
32 121
32 122
32 128
32 130
32 131
32 133
32 134
32 138
32 139
32 140
32 141
32 142
32 144
32 147
32 149
32 152
32 155
32 159
32 160
32 164
32 165
32 168
32 211
32 228
32 234
32 235
32 236
32 246
32 248
32 250
32 258
32 263
32 275
32 288
32 292
32 293
32 294
32 295
32 299
33 34
33 37
33 38
33 39
33 40
33 42
33 43
33 44
33 47
33 48
33 49
33 50
33 51
33 52
33 53
33 54
33 55
33 63
33 66
33 75
33 82
33 88
33 95
33 96
33 101
33 105
33 110
33 114
33 115
33 118
33 119
33 125
33 126
33 129
33 132
33 134
33 136
33 137
33 138
33 139
33 144
33 145
33 148
33 153
33 166
33 167
33 168
33 171
33 173
33 176
33 190
33 193
33 197
33 203
33 204
33 205
33 206
33 207
33 208
33 209
33 210
33 211
33 212
33 213
33 215
33 217
33 219
33 221
33 222
33 223
33 228
33 237
33 238
33 243
33 250
33 253
33 256
33 257
33 260
33 262
33 265
33 269
33 277
33 283
33 284
33 285
33 287
33 289
33 291
33 292
33 295
33 298
34 35
34 41
34 58
34 61
34 62
34 63
34 65
34 66
34 67
34 68
34 69
34 70
34 71
34 75
34 77
34 79
34 81
34 84
34 85
34 86
34 88
34 95
34 98
34 106
34 108
34 111
34 114
34 115
34 116
34 117
34 121
34 122
34 126
34 127
34 128
34 130
34 132
34 133
34 135
34 136
34 138
34 142
34 146
34 147
34 148
34 158
34 172
34 179
34 185
34 188
34 190
34 191
34 193
34 194
34 196
34 197
34 198
34 209
34 212
34 223
34 224
34 226
34 227
34 228
34 229
34 231
34 232
34 235
34 236
34 237
34 239
34 241
34 243
34 244
34 246
34 250
34 251
34 253
34 255
34 257
34 258
34 259
34 262
34 263
34 269
34 270
34 277
34 278
34 281
34 287
34 289
34 292
34 295
35 36
35 37
35 38
35 44
35 48
35 50
35 52
35 54
35 56
35 61
35 64
35 65
35 67
35 68
35 69
35 70
35 71
35 72
35 73
35 74
35 75
35 76
35 77
35 81
35 82
35 83
35 87
35 89
35 90
35 91
35 92
35 93
35 97
35 100
35 102
35 103
35 104
35 107
35 109
35 110
35 113
35 115
35 116
35 119
35 120
35 123
35 125
35 126
35 129
35 132
35 135
35 136
35 137
35 138
35 145
35 150
35 152
35 154
35 156
35 157
35 159
35 160
35 162
35 165
35 174
35 186
35 188
35 196
35 199
35 220
35 222
35 225
35 227
35 229
35 230
35 231
35 232
35 235
35 236
35 246
35 248
35 250
35 251
35 253
35 256
35 257
35 258
35 259
35 260
35 262
35 275
35 277
35 290
35 292
35 293
35 294
35 295
35 298
35 300
36 39
36 40
36 41
36 42
36 44
36 46
36 48
36 49
36 53
36 55
36 56
36 57
36 58
36 63
36 67
36 72
36 110
36 111
36 121
36 122
36 128
36 129
36 130
36 133
36 134
36 135
36 138
36 140
36 142
36 144
36 146
36 147
36 148
36 149
36 150
36 151
36 152
36 154
36 156
36 157
36 159
36 161
36 162
36 164
36 165
36 166
36 167
36 170
36 171
36 172
36 173
36 174
36 175
36 178
36 180
36 187
36 196
36 205
36 206
36 208
36 210
36 213
36 218
36 220
36 223
36 224
36 227
36 229
36 235
36 236
36 250
36 254
36 257
36 258
36 266
36 267
36 270
36 272
36 274
36 276
36 277
36 280
36 283
36 284
36 285
36 290
36 292
36 294
36 296
36 297
37 39
37 40
37 41
37 42
37 44
37 46
37 48
37 49
37 53
37 55
37 56
37 57
37 58
37 63
37 67
37 72
37 74
37 86
37 92
37 95
37 98
37 106
37 116
37 121
37 130
37 133
37 140
37 145
37 147
37 148
37 149
37 151
37 155
37 160
37 162
37 168
37 169
37 170
37 174
37 175
37 176
37 177
37 178
37 180
37 185
37 187
37 188
37 191
37 193
37 194
37 196
37 205
37 208
37 210
37 211
37 212
37 213
37 214
37 217
37 218
37 219
37 221
37 222
37 225
37 228
37 232
37 235
37 236
37 243
37 248
37 257
37 266
37 268
37 270
37 271
37 274
37 277
37 280
37 281
37 283
37 284
37 285
37 288
37 289
37 290
37 292
37 295
37 296
37 297
37 299
38 39
38 40
38 41
38 42
38 44
38 46
38 48
38 49
38 53
38 55
38 56
38 57
38 58
38 67
38 72
38 116
38 117
38 121
38 124
38 129
38 145
38 147
38 150
38 151
38 153
38 154
38 156
38 157
38 159
38 161
38 162
38 163
38 164
38 166
38 168
38 169
38 174
38 175
38 176
38 177
38 178
38 179
38 180
38 187
38 193
38 194
38 196
38 204
38 205
38 210
38 211
38 212
38 213
38 214
38 216
38 218
38 219
38 221
38 223
38 224
38 225
38 226
38 227
38 232
38 233
38 235
38 236
38 243
38 248
38 249
38 257
38 266
38 270
38 271
38 272
38 273
38 276
38 277
38 281
38 284
38 289
38 290
38 292
38 295
38 296
38 297
38 299
39 40
39 41
39 42
39 43
39 44
39 45
39 46
39 47
39 48
39 49
39 50
39 51
39 52
39 53
39 54
39 55
39 56
39 57
39 58
39 59
39 60
39 67
39 111
39 116
39 117
39 121
39 124
39 130
39 145
39 147
39 155
39 160
39 162
39 164
39 166
39 168
39 170
39 171
39 172
39 173
39 177
39 187
39 189
39 196
39 202
39 206
39 207
39 209
39 216
39 222
39 224
39 226
39 227
39 229
39 232
39 235
39 237
39 238
39 241
39 243
39 248
39 280
39 289
39 291
39 293
39 295
39 298
40 41
40 43
40 45
40 46
40 47
40 50
40 51
40 52
40 54
40 56
40 58
40 59
40 60
40 63
40 67
40 82
40 145
40 162
40 168
40 187
40 196
40 202
40 207
40 215
40 216
40 220
40 243
40 265
40 269
40 273
40 275
40 276
40 278
40 279
40 280
40 283
40 285
40 287
40 291
40 293
40 297
41 42
41 43
41 44
41 45
41 47
41 48
41 49
41 50
41 51
41 52
41 53
41 54
41 55
41 59
41 60
41 63
41 64
41 66
41 74
41 80
41 87
41 88
41 91
41 92
41 96
41 99
41 100
41 101
41 104
41 105
41 107
41 109
41 110
41 113
41 114
41 115
41 117
41 118
41 119
41 120
41 122
41 123
41 126
41 127
41 128
41 132
41 134
41 135
41 136
41 137
41 138
41 139
41 140
41 141
41 143
41 144
41 146
41 149
41 158
41 166
41 167
41 168
41 171
41 172
41 173
41 174
41 175
41 176
41 177
41 187
41 188
41 193
41 194
41 197
41 198
41 200
41 202
41 203
41 206
41 207
41 208
41 209
41 210
41 211
41 212
41 217
41 218
41 220
41 222
41 225
41 228
41 232
41 233
41 234
41 237
41 248
41 249
41 250
41 255
41 258
41 262
41 263
41 264
41 267
41 269
41 275
41 277
41 280
41 287
41 290
41 292
41 296
42 43
42 45
42 46
42 47
42 50
42 51
42 52
42 54
42 56
42 58
42 59
42 60
42 63
42 67
42 108
42 151
42 166
42 168
42 171
42 173
42 176
42 179
42 187
42 196
42 202
42 207
42 208
42 214
42 215
42 216
42 217
42 220
42 227
42 228
42 229
42 232
42 235
42 236
42 237
42 243
42 248
42 255
42 265
42 269
42 273
42 274
42 275
42 278
42 279
42 281
42 283
42 285
42 287
42 292
42 296
42 297
42 298
43 44
43 46
43 48
43 49
43 53
43 55
43 56
43 57
43 58
43 86
43 97
43 99
43 111
43 116
43 121
43 124
43 127
43 133
43 142
43 155
43 160
43 168
43 174
43 187
43 196
43 203
43 204
43 205
43 208
43 210
43 212
43 213
43 214
43 215
43 216
43 217
43 219
43 221
43 222
43 223
43 226
43 227
43 233
43 234
43 243
43 248
43 249
43 266
43 268
43 269
43 270
43 271
43 272
43 274
43 275
43 277
43 278
43 279
43 280
43 283
43 284
43 285
43 287
43 290
43 295
43 299
44 45
44 46
44 47
44 50
44 51
44 52
44 54
44 56
44 57
44 58
44 59
44 60
44 63
44 67
44 71
44 82
44 85
44 114
44 116
44 121
44 129
44 135
44 145
44 148
44 149
44 162
44 168
44 172
44 173
44 175
44 187
44 188
44 194
44 196
44 202
44 206
44 207
44 212
44 215
44 216
44 227
44 232
44 236
44 238
44 248
44 255
44 257
44 263
44 265
44 269
44 273
44 275
44 278
44 280
44 281
44 282
44 283
44 287
44 290
44 292
44 293
44 295
44 296
44 297
44 298
45 46
45 48
45 49
45 53
45 55
45 56
45 57
45 58
45 63
45 72
45 129
45 140
45 147
45 148
45 151
45 155
45 156
45 158
45 163
45 166
45 167
45 169
45 170
45 171
45 172
45 173
45 174
45 175
45 176
45 177
45 178
45 179
45 180
45 203
45 208
45 220
45 250
45 254
45 266
45 267
45 270
45 271
45 272
45 273
45 274
45 276
45 277
45 280
45 281
45 284
45 287
45 288
45 289
45 290
45 292
45 294
45 295
45 296
45 297
46 47
46 48
46 49
46 50
46 51
46 52
46 53
46 54
46 55
46 59
46 60
46 63
46 79
46 82
46 86
46 88
46 95
46 99
46 110
46 112
46 114
46 118
46 120
46 126
46 132
46 134
46 136
46 137
46 138
46 141
46 144
46 146
46 155
46 160
46 168
46 171
46 173
46 187
46 197
46 202
46 206
46 207
46 209
46 211
46 224
46 225
46 226
46 227
46 237
46 241
46 242
46 246
46 247
46 253
46 255
46 256
46 257
46 258
46 259
46 260
46 261
46 262
46 291
46 292
46 296
47 48
47 49
47 53
47 55
47 56
47 57
47 58
47 63
47 67
47 116
47 151
47 155
47 160
47 162
47 167
47 168
47 169
47 170
47 174
47 177
47 178
47 179
47 180
47 187
47 196
47 202
47 212
47 214
47 220
47 223
47 225
47 229
47 232
47 233
47 236
47 237
47 243
47 248
47 255
47 258
47 266
47 270
47 271
47 274
47 277
47 293
47 297
47 298
48 50
48 51
48 52
48 54
48 56
48 57
48 58
48 59
48 60
48 63
48 67
48 72
48 74
48 114
48 118
48 121
48 139
48 140
48 145
48 147
48 148
48 149
48 150
48 151
48 154
48 155
48 156
48 158
48 160
48 161
48 162
48 174
48 187
48 193
48 196
48 204
48 207
48 211
48 215
48 216
48 219
48 220
48 221
48 222
48 230
48 231
48 245
48 254
48 265
48 269
48 273
48 276
48 278
48 279
48 280
48 282
48 288
48 289
48 290
48 292
48 293
48 295
48 296
48 297
48 298
48 299
49 50
49 51
49 52
49 54
49 56
49 57
49 58
49 59
49 60
49 63
49 64
49 67
49 86
49 116
49 121
49 145
49 148
49 162
49 167
49 168
49 171
49 172
49 173
49 187
49 196
49 202
49 205
49 206
49 207
49 215
49 216
49 228
49 243
49 265
49 269
49 272
49 273
49 275
49 278
49 280
49 283
49 285
49 287
49 290
49 292
49 293
49 295
49 296
49 297
49 298
50 53
50 55
50 56
50 57
50 58
50 59
50 63
50 67
50 72
50 79
50 82
50 86
50 98
50 111
50 113
50 116
50 117
50 121
50 122
50 123
50 124
50 125
50 127
50 128
50 130
50 131
50 133
50 135
50 139
50 142
50 145
50 147
50 148
50 149
50 150
50 151
50 152
50 153
50 154
50 156
50 157
50 158
50 159
50 161
50 162
50 163
50 164
50 165
50 166
50 168
50 169
50 171
50 174
50 175
50 176
50 177
50 178
50 179
50 180
50 187
50 193
50 196
50 211
50 215
50 218
50 219
50 220
50 221
50 229
50 232
50 234
50 236
50 243
50 254
50 266
50 267
50 270
50 272
50 277
50 284
50 289
50 290
50 291
50 292
50 294
50 295
50 296
50 299
51 53
51 55
51 56
51 57
51 58
51 63
51 67
51 80
51 111
51 114
51 115
51 117
51 121
51 124
51 127
51 128
51 129
51 130
51 133
51 138
51 142
51 145
51 146
51 148
51 155
51 160
51 162
51 166
51 168
51 169
51 170
51 173
51 174
51 175
51 176
51 177
51 178
51 179
51 180
51 187
51 196
51 202
51 203
51 205
51 210
51 220
51 224
51 266
51 270
51 271
51 272
51 273
51 274
51 275
51 276
51 277
51 279
51 281
51 282
51 283
51 284
51 290
51 292
51 296
51 297
52 53
52 55
52 56
52 57
52 58
52 63
52 67
52 72
52 108
52 111
52 116
52 117
52 118
52 121
52 123
52 128
52 130
52 133
52 139
52 140
52 145
52 147
52 148
52 150
52 156
52 158
52 162
52 163
52 168
52 169
52 170
52 175
52 176
52 177
52 178
52 179
52 180
52 193
52 220
52 224
52 227
52 232
52 235
52 240
52 248
52 266
52 267
52 270
52 272
52 273
52 276
52 277
52 278
52 282
52 284
52 288
52 289
52 290
52 292
52 295
52 296
52 297
52 299
53 54
53 56
53 57
53 58
53 59
53 60
53 64
53 98
53 116
53 121
53 129
53 135
53 145
53 146
53 148
53 149
53 158
53 163
53 166
53 167
53 168
53 170
53 171
53 172
53 173
53 175
53 176
53 177
53 179
53 187
53 194
53 196
53 202
53 203
53 204
53 205
53 207
53 208
53 209
53 212
53 213
53 215
53 219
53 227
53 229
53 232
53 236
53 243
53 257
53 286
54 55
54 56
54 57
54 58
54 63
54 67
54 98
54 108
54 116
54 121
54 129
54 140
54 142
54 145
54 147
54 148
54 149
54 155
54 160
54 162
54 168
54 169
54 170
54 171
54 173
54 174
54 176
54 177
54 178
54 179
54 180
54 187
54 196
54 203
54 204
54 206
54 208
54 209
54 210
54 211
54 212
54 213
54 214
54 218
54 220
54 222
54 223
54 232
54 235
54 243
54 248
54 249
54 251
54 255
54 256
54 257
54 263
54 266
54 267
54 270
54 275
54 277
54 279
54 290
54 292
54 295
54 296
54 297
55 56
55 57
55 58
55 59
55 60
55 64
55 82
55 116
55 119
55 121
55 129
55 148
55 166
55 167
55 168
55 170
55 171
55 172
55 173
55 177
55 186
55 187
55 196
55 202
55 206
55 207
55 209
55 213
55 219
55 221
55 232
55 243
55 248
56 59
56 60
56 70
56 72
56 73
56 74
56 79
56 80
56 88
56 95
56 98
56 106
56 113
56 114
56 117
56 118
56 119
56 120
56 122
56 123
56 126
56 128
56 133
56 134
56 138
56 139
56 142
56 144
56 146
56 148
56 149
56 150
56 152
56 156
56 158
56 159
56 164
56 165
56 167
56 168
56 170
56 172
56 173
56 188
56 189
56 191
56 194
56 200
56 202
56 203
56 204
56 205
56 206
56 207
56 208
56 209
56 210
56 212
56 213
56 214
56 215
56 217
56 218
56 222
56 223
56 227
56 228
56 229
56 232
56 233
56 235
56 236
56 237
56 240
56 243
56 246
56 247
56 250
56 253
56 256
56 257
56 258
56 259
56 260
56 262
56 265
56 266
56 268
56 269
56 271
56 273
56 274
56 275
56 278
56 281
56 282
56 285
56 287
56 289
56 290
56 291
56 292
56 293
56 295
56 296
56 298
56 299
57 59
57 60
57 61
57 66
57 69
57 71
57 74
57 79
57 81
57 83
57 84
57 89
57 92
57 94
57 95
57 102
57 103
57 108
57 112
57 115
57 129
57 134
57 137
57 143
57 145
57 150
57 152
57 154
57 156
57 160
57 165
57 173
57 174
57 177
57 196
57 197
57 204
57 205
57 207
57 208
57 209
57 211
57 212
57 213
57 214
57 215
57 216
57 217
57 218
57 219
57 221
57 222
57 223
57 226
57 227
57 230
57 231
57 232
57 233
57 234
57 240
57 242
57 245
57 246
57 247
57 248
57 249
57 252
57 253
57 255
57 256
57 257
57 258
57 259
57 260
57 289
57 292
57 298
58 59
58 60
58 67
58 72
58 75
58 82
58 88
58 91
58 92
58 99
58 103
58 104
58 110
58 112
58 114
58 115
58 118
58 119
58 120
58 123
58 124
58 126
58 132
58 134
58 136
58 137
58 141
58 143
58 146
58 149
58 150
58 151
58 155
58 156
58 158
58 160
58 162
58 163
58 165
58 168
58 173
58 175
58 177
58 180
58 187
58 189
58 197
58 203
58 206
58 207
58 209
58 212
58 215
58 216
58 223
58 225
58 226
58 229
58 232
58 238
58 240
58 246
58 248
58 250
58 260
58 264
58 271
58 272
58 273
58 278
58 280
58 286
58 287
58 288
58 290
58 291
58 292
58 293
58 298
59 63
59 118
59 142
59 155
59 160
59 162
59 167
59 174
59 204
59 206
59 210
59 211
59 212
59 214
59 220
59 222
59 223
59 243
59 266
59 270
59 271
59 280
59 284
60 63
60 79
60 117
60 118
60 119
60 124
60 128
60 129
60 131
60 133
60 142
60 145
60 150
60 151
60 154
60 156
60 157
60 159
60 161
60 162
60 163
60 165
60 166
60 168
60 169
60 170
60 174
60 177
60 178
60 179
60 180
60 187
60 193
60 203
60 210
60 212
60 214
60 219
60 220
60 223
60 226
60 228
60 233
60 234
60 240
60 243
60 247
60 250
60 251
60 253
60 254
60 266
60 270
60 277
60 278
60 280
60 283
60 284
60 293
60 296
60 297
61 63
61 82
61 89
61 105
61 114
61 115
61 134
61 139
61 140
61 144
61 149
61 150
61 151
61 158
61 163
61 177
61 181
61 183
61 187
61 189
61 192
61 193
61 194
61 196
61 197
61 201
61 202
61 230
61 245
61 246
61 250
61 251
61 252
61 253
61 256
61 259
61 275
61 283
61 290
61 300
62 63
62 67
62 74
62 80
62 82
62 89
62 101
62 103
62 109
62 118
62 122
62 129
62 138
62 139
62 158
62 181
62 183
62 184
62 185
62 187
62 188
62 191
62 196
62 198
62 200
62 201
62 202
62 231
62 252
62 261
62 262
62 286
62 290
62 300
63 64
63 65
63 66
63 67
63 68
63 69
63 70
63 71
63 72
63 73
63 74
63 75
63 76
63 77
63 78
63 79
63 80
63 81
63 83
63 84
63 85
63 88
63 95
63 98
63 108
63 112
63 117
63 119
63 124
63 125
63 126
63 127
63 128
63 132
63 134
63 138
63 142
63 146
63 147
63 154
63 156
63 159
63 160
63 162
63 163
63 164
63 165
63 174
63 184
63 185
63 186
63 188
63 189
63 194
63 195
63 198
63 199
63 202
63 203
63 204
63 205
63 206
63 207
63 208
63 209
63 210
63 212
63 213
63 214
63 215
63 217
63 218
63 222
63 223
63 227
63 230
63 235
63 236
63 243
63 245
63 246
63 252
63 254
63 257
63 261
63 265
63 268
63 271
63 278
63 279
63 283
63 285
63 287
63 288
63 289
63 290
63 291
63 292
63 293
63 294
63 295
63 298
63 300
64 82
64 89
64 114
64 120
64 129
64 136
64 137
64 139
64 140
64 144
64 158
64 174
64 187
64 192
64 196
64 197
64 252
64 253
64 256
64 258
64 259
64 260
64 262
64 270
64 275
64 283
64 288
64 289
64 292
64 293
64 295
64 297
64 298
64 299
65 82
65 89
65 91
65 107
65 114
65 129
65 131
65 136
65 137
65 139
65 140
65 144
65 158
65 189
65 196
65 197
65 251
65 252
65 256
65 258
65 259
65 260
65 262
65 288
65 292
65 293
65 295
65 297
65 298
65 299
66 82
66 88
66 89
66 98
66 102
66 114
66 134
66 147
66 149
66 155
66 158
66 174
66 181
66 183
66 187
66 193
66 196
66 197
66 201
66 202
66 219
66 225
66 233
66 235
66 236
66 245
66 250
66 252
66 261
66 288
66 289
66 292
66 293
66 295
66 297
66 298
66 299
67 82
67 114
67 115
67 132
67 135
67 139
67 140
67 145
67 149
67 151
67 155
67 157
67 158
67 162
67 177
67 181
67 183
67 187
67 189
67 192
67 193
67 196
67 197
67 198
67 204
67 207
67 212
67 215
67 216
67 220
67 223
67 230
67 246
67 250
67 251
67 253
67 254
67 256
67 257
67 258
67 259
67 262
67 263
67 264
67 265
67 267
67 268
67 269
67 271
67 272
67 273
67 274
67 275
67 276
67 278
67 279
67 280
67 281
67 282
67 283
67 287
67 288
67 289
67 292
67 293
67 294
67 295
67 296
67 297
67 298
67 299
68 82
68 89
68 91
68 93
68 100
68 101
68 104
68 107
68 109
68 110
68 113
68 114
68 123
68 129
68 131
68 132
68 136
68 139
68 140
68 141
68 143
68 144
68 145
68 148
68 158
68 192
68 196
68 231
68 250
68 251
68 252
68 253
68 254
68 255
68 256
68 257
68 258
68 259
68 260
68 262
68 263
68 264
68 275
68 277
68 286
68 289
68 292
68 293
68 295
68 297
68 298
68 299
69 82
69 89
69 92
69 101
69 102
69 106
69 115
69 129
69 135
69 139
69 140
69 145
69 149
69 158
69 193
69 196
69 197
69 219
69 225
69 237
69 245
69 246
69 250
69 251
69 252
69 256
69 258
69 259
69 262
69 277
69 288
69 289
69 292
69 293
69 295
69 297
69 298
69 299
70 75
70 82
70 89
70 94
70 101
70 102
70 114
70 115
70 118
70 120
70 123
70 129
70 136
70 137
70 139
70 140
70 144
70 148
70 158
70 169
70 181
70 195
70 196
70 200
70 202
70 224
70 230
70 245
70 253
70 254
70 256
70 258
70 259
70 260
70 262
70 290
70 298
71 72
71 82
71 89
71 102
71 114
71 118
71 134
71 138
71 139
71 140
71 144
71 147
71 149
71 150
71 151
71 152
71 154
71 155
71 156
71 157
71 158
71 159
71 160
71 161
71 163
71 164
71 165
71 181
71 185
71 187
71 188
71 190
71 191
71 192
71 193
71 194
71 196
71 198
71 200
71 201
71 202
71 230
71 235
71 243
71 245
71 250
71 251
71 254
71 255
71 256
71 258
71 259
71 260
71 262
71 263
71 264
71 275
71 277
71 278
71 291
71 292
71 296
71 297
71 298
71 299
72 75
72 79
72 82
72 84
72 129
72 140
72 145
72 151
72 155
72 162
72 163
72 177
72 181
72 183
72 185
72 187
72 189
72 193
72 196
72 201
72 202
72 204
72 209
72 214
72 222
72 231
72 254
72 261
72 262
72 275
72 287
72 290
72 293
72 294
72 296
72 297
72 300
73 82
73 86
73 89
73 102
73 114
73 129
73 139
73 140
73 144
73 145
73 148
73 149
73 181
73 187
73 196
73 230
73 245
73 251
73 252
73 253
73 256
73 259
73 262
73 263
73 290
73 300
74 82
74 89
74 110
74 113
74 114
74 118
74 120
74 121
74 125
74 129
74 131
74 132
74 135
74 136
74 139
74 140
74 141
74 143
74 144
74 158
74 168
74 174
74 192
74 196
74 197
74 211
74 225
74 230
74 232
74 233
74 244
74 245
74 246
74 250
74 251
74 252
74 253
74 254
74 255
74 256
74 257
74 258
74 259
74 262
74 263
74 264
74 270
74 271
74 273
74 275
74 278
74 279
74 286
74 289
74 291
74 292
74 293
74 294
74 295
74 296
74 297
74 298
74 299
75 82
75 89
75 91
75 93
75 96
75 100
75 101
75 102
75 104
75 107
75 109
75 114
75 138
75 140
75 144
75 147
75 149
75 158
75 181
75 183
75 184
75 185
75 186
75 187
75 188
75 191
75 198
75 200
75 201
75 202
75 225
75 230
75 250
75 252
75 255
75 256
75 257
75 258
75 259
75 260
75 261
75 263
75 264
75 275
75 283
75 286
75 290
75 292
75 293
75 295
75 297
75 298
76 82
76 89
76 102
76 114
76 129
76 139
76 140
76 181
76 182
76 183
76 187
76 196
76 197
76 231
76 252
76 288
76 290
76 300
77 82
77 89
77 92
77 93
77 98
77 102
77 107
77 110
77 113
77 114
77 115
77 120
77 121
77 122
77 123
77 125
77 129
77 131
77 132
77 136
77 139
77 140
77 141
77 143
77 147
77 148
77 149
77 152
77 158
77 160
77 165
77 196
77 197
77 201
77 231
77 246
77 250
77 251
77 253
77 254
77 256
77 257
77 258
77 259
77 262
77 263
77 264
77 273
77 275
77 277
77 286
77 288
77 289
77 292
77 293
77 295
77 297
77 298
77 299
78 82
78 89
78 102
78 109
78 114
78 129
78 181
78 183
78 185
78 187
78 192
78 196
78 198
78 200
78 245
78 251
78 252
78 254
78 256
78 258
78 259
78 262
78 263
78 275
78 288
78 290
78 298
78 300
79 81
79 82
79 83
79 86
79 88
79 91
79 92
79 95
79 96
79 98
79 102
79 106
79 107
79 108
79 109
79 114
79 118
79 119
79 120
79 122
79 127
79 131
79 142
79 149
79 150
79 158
79 163
79 177
79 181
79 183
79 185
79 188
79 191
79 194
79 198
79 200
79 201
79 202
79 239
79 243
79 245
79 247
79 250
79 251
79 253
79 256
79 258
79 262
79 264
79 275
79 277
79 283
79 286
79 288
79 296
79 297
79 298
79 299
80 82
80 89
80 102
80 110
80 112
80 113
80 114
80 115
80 118
80 123
80 129
80 134
80 135
80 136
80 137
80 139
80 140
80 141
80 143
80 144
80 145
80 147
80 148
80 149
80 150
80 154
80 158
80 168
80 187
80 193
80 196
80 197
80 209
80 224
80 227
80 231
80 235
80 236
80 240
80 242
80 246
80 250
80 251
80 253
80 256
80 257
80 258
80 259
80 262
80 289
80 292
80 295
80 297
80 298
80 299
81 89
81 92
81 95
81 98
81 102
81 107
81 114
81 115
81 117
81 118
81 122
81 126
81 127
81 128
81 134
81 136
81 138
81 140
81 141
81 146
81 147
81 149
81 152
81 153
81 154
81 156
81 158
81 181
81 182
81 187
81 193
81 197
81 198
81 201
81 202
81 224
81 225
81 233
81 240
81 242
81 261
81 262
81 277
81 283
81 286
81 287
81 289
81 292
81 296
81 298
82 83
82 84
82 85
82 86
82 88
82 98
82 106
82 108
82 111
82 112
82 117
82 119
82 122
82 124
82 126
82 128
82 133
82 134
82 136
82 137
82 142
82 146
82 147
82 163
82 177
82 183
82 184
82 185
82 186
82 187
82 188
82 191
82 192
82 193
82 194
82 199
82 201
82 202
82 220
82 225
82 227
82 235
82 236
82 243
82 245
82 246
82 247
82 252
82 254
82 255
82 260
82 261
82 263
82 264
82 275
82 278
82 283
82 288
82 289
82 292
82 298
82 300
83 85
83 89
83 102
83 110
83 112
83 113
83 114
83 115
83 116
83 120
83 121
83 123
83 124
83 129
83 130
83 131
83 132
83 134
83 135
83 136
83 137
83 139
83 140
83 141
83 143
83 144
83 145
83 147
83 149
83 153
83 154
83 158
83 162
83 165
83 179
83 181
83 182
83 187
83 189
83 196
83 197
83 201
83 229
83 230
83 232
83 245
83 246
83 250
83 251
83 253
83 254
83 255
83 256
83 257
83 258
83 259
83 262
83 271
83 288
83 289
83 290
83 292
83 293
83 295
83 296
83 297
83 298
83 299
84 89
84 102
84 114
84 149
84 150
84 158
84 163
84 181
84 183
84 185
84 187
84 188
84 191
84 194
84 196
84 198
84 199
84 200
84 202
84 250
84 252
84 256
84 263
84 264
84 275
84 283
84 290
84 292
84 297
84 299
85 86
85 88
85 89
85 92
85 98
85 106
85 114
85 149
85 150
85 151
85 158
85 163
85 177
85 181
85 183
85 185
85 187
85 188
85 191
85 194
85 198
85 199
85 200
85 201
85 225
85 230
85 245
85 252
85 261
85 275
85 283
85 288
85 289
85 292
85 298
86 88
86 89
86 95
86 98
86 106
86 108
86 111
86 113
86 116
86 118
86 119
86 126
86 127
86 130
86 131
86 133
86 138
86 142
86 180
86 187
86 188
86 220
86 226
86 228
86 233
86 234
86 239
86 240
86 243
86 246
86 249
86 251
86 255
86 260
86 263
86 286
86 292
86 297
87 88
87 95
87 98
87 106
87 108
87 127
87 138
87 148
87 168
87 226
87 228
87 229
87 230
87 231
87 233
87 234
87 235
87 238
87 239
87 243
87 246
87 249
87 251
87 253
87 255
87 256
87 260
87 277
88 89
88 90
88 91
88 92
88 93
88 94
88 96
88 97
88 99
88 100
88 101
88 102
88 103
88 104
88 105
88 107
88 109
88 110
88 112
88 114
88 115
88 121
88 124
88 125
88 129
88 132
88 134
88 136
88 137
88 140
88 145
88 146
88 149
88 180
88 196
88 197
88 225
88 226
88 227
88 228
88 230
88 234
88 236
88 240
88 249
88 253
88 256
88 259
88 260
88 262
88 277
88 286
88 291
88 297
89 95
89 98
89 106
89 108
89 122
89 134
89 138
89 139
89 144
89 147
89 149
89 160
89 161
89 165
89 186
89 230
89 231
89 245
89 246
89 248
89 250
89 251
89 256
89 277
89 286
89 292
89 295
90 95
90 98
90 106
90 108
90 113
90 116
90 119
90 127
90 130
90 131
90 133
90 138
90 148
90 225
90 226
90 228
90 230
90 231
90 233
90 234
90 235
90 238
90 239
90 246
90 249
90 250
90 255
90 256
90 258
90 260
90 264
90 292
90 297
91 95
91 98
91 106
91 108
91 113
91 119
91 120
91 124
91 131
91 132
91 133
91 138
91 142
91 148
91 226
91 227
91 229
91 230
91 231
91 234
91 235
91 236
91 238
91 239
91 243
91 244
91 246
91 249
91 251
91 256
91 257
91 258
91 259
91 260
91 261
91 262
91 264
91 277
92 95
92 98
92 106
92 108
92 111
92 118
92 119
92 122
92 123
92 124
92 126
92 128
92 130
92 131
92 132
92 133
92 142
92 148
92 166
92 194
92 220
92 232
92 234
92 235
92 243
92 246
92 249
92 250
92 251
92 255
92 256
92 257
92 258
92 260
92 261
92 262
92 264
92 277
92 286
93 95
93 98
93 106
93 108
93 131
93 138
93 142
93 148
93 215
93 226
93 228
93 230
93 231
93 235
93 243
93 244
93 246
93 249
93 251
93 255
93 256
93 257
93 258
93 259
93 260
93 264
93 270
93 286
94 95
94 98
94 106
94 108
94 110
94 111
94 113
94 116
94 118
94 119
94 120
94 122
94 124
94 126
94 127
94 128
94 130
94 131
94 132
94 133
94 138
94 141
94 142
94 143
94 148
94 225
94 226
94 242
94 243
94 246
94 249
94 255
94 260
94 300
95 96
95 97
95 99
95 100
95 101
95 102
95 103
95 104
95 105
95 107
95 109
95 110
95 112
95 114
95 115
95 120
95 121
95 122
95 124
95 125
95 127
95 129
95 134
95 136
95 137
95 140
95 141
95 143
95 145
95 146
95 158
95 165
95 180
95 196
95 197
95 225
95 226
95 227
95 228
95 230
95 231
95 232
95 233
95 234
95 236
95 239
95 240
95 247
95 248
95 249
95 255
95 259
95 263
95 264
95 277
95 297
96 98
96 106
96 108
96 116
96 122
96 130
96 132
96 133
96 135
96 138
96 144
96 148
96 167
96 168
96 172
96 173
96 180
96 207
96 227
96 228
96 229
96 230
96 232
96 233
96 234
96 235
96 236
96 237
96 238
96 243
96 244
96 246
96 250
96 256
96 259
96 260
96 263
96 264
96 286
97 98
97 106
97 108
97 134
97 138
97 142
97 166
97 173
97 232
97 235
97 246
97 249
97 251
97 255
97 260
97 281
97 286
98 99
98 100
98 101
98 102
98 103
98 104
98 105
98 107
98 109
98 112
98 119
98 120
98 132
98 134
98 136
98 137
98 145
98 146
98 158
98 173
98 194
98 196
98 197
98 225
98 229
98 232
98 234
98 235
98 236
98 243
98 248
98 249
98 250
98 253
98 255
98 259
98 261
98 263
98 277
98 289
98 292
98 293
98 299
99 106
99 108
99 113
99 116
99 118
99 119
99 127
99 133
99 138
99 142
99 148
99 168
99 225
99 226
99 228
99 230
99 233
99 234
99 239
99 243
99 249
99 263
99 286
99 292
100 106
100 108
100 132
100 138
100 148
100 178
100 225
100 226
100 249
100 250
100 251
100 255
100 256
100 260
100 261
100 262
100 264
100 277
100 286
101 106
101 108
101 111
101 116
101 130
101 132
101 138
101 148
101 213
101 217
101 221
101 224
101 227
101 228
101 229
101 235
101 236
101 237
101 240
101 246
101 248
101 252
101 267
101 277
101 286
101 287
102 106
102 108
102 127
102 130
102 133
102 138
102 144
102 147
102 148
102 149
102 160
102 161
102 165
102 186
102 229
102 230
102 231
102 234
102 244
102 245
102 246
102 249
102 250
102 255
102 256
102 260
102 263
102 293
102 294
102 295
103 106
103 108
103 116
103 119
103 138
103 142
103 180
103 203
103 207
103 208
103 209
103 210
103 211
103 220
103 223
103 225
103 233
103 234
103 246
103 263
103 292
103 300
104 106
104 108
104 113
104 116
104 119
104 124
104 130
104 131
104 132
104 133
104 138
104 142
104 148
104 167
104 168
104 173
104 180
104 209
104 220
104 226
104 227
104 228
104 229
104 230
104 231
104 232
104 233
104 234
104 235
104 236
104 237
104 238
104 239
104 240
104 242
104 243
104 246
104 249
104 250
104 251
104 252
104 253
104 255
104 256
104 259
104 260
104 261
104 262
104 264
104 277
105 106
105 108
105 116
105 138
105 168
105 192
105 198
105 226
105 227
105 228
105 235
105 236
105 237
105 246
105 248
105 249
105 250
105 251
105 255
105 260
105 286
106 107
106 109
106 113
106 114
106 115
106 119
106 121
106 123
106 125
106 127
106 129
106 139
106 140
106 143
106 145
106 146
106 148
106 149
106 160
106 168
106 172
106 173
106 196
106 197
106 207
106 225
106 228
106 234
106 237
106 238
106 244
106 248
106 249
106 252
106 255
106 263
106 264
106 277
106 296
106 297
106 299
107 108
107 131
107 133
107 138
107 148
107 178
107 215
107 229
107 244
107 246
107 248
107 249
107 255
107 256
107 257
107 258
107 260
107 264
107 270
107 271
107 277
107 286
107 296
108 109
108 111
108 114
108 115
108 117
108 118
108 123
108 125
108 127
108 129
108 134
108 136
108 137
108 139
108 140
108 141
108 143
108 145
108 146
108 148
108 149
108 155
108 158
108 167
108 168
108 173
108 175
108 196
108 197
108 207
108 210
108 211
108 225
108 228
108 232
108 234
108 237
108 238
108 244
108 247
108 248
108 249
108 253
108 256
108 277
108 292
108 295
108 300
109 110
109 111
109 113
109 116
109 117
109 118
109 119
109 120
109 121
109 122
109 124
109 126
109 127
109 128
109 130
109 131
109 132
109 133
109 135
109 138
109 141
109 142
109 143
109 144
109 146
109 148
109 178
109 233
109 248
109 251
109 255
109 260
109 263
109 277
109 286
110 118
110 152
110 153
110 154
110 156
110 164
110 183
110 184
110 185
110 188
110 191
110 194
110 195
110 198
110 199
110 202
110 203
110 229
110 236
110 243
110 246
110 249
110 250
110 252
110 257
110 261
110 293
111 112
111 134
111 137
111 164
111 165
111 170
111 173
111 177
111 183
111 196
111 197
111 199
111 203
111 212
111 215
111 224
111 226
111 234
111 237
111 238
111 241
111 242
111 244
111 249
111 250
111 251
111 253
111 256
111 259
111 262
111 290
111 292
111 296
111 297
111 299
112 149
112 153
112 156
112 158
112 164
112 167
112 172
112 183
112 188
112 193
112 195
112 207
112 220
112 233
112 237
112 243
112 246
112 250
112 251
112 253
112 257
112 260
112 268
112 285
112 299
113 149
113 152
113 158
113 164
113 183
113 185
113 188
113 194
113 195
113 199
113 227
113 228
113 234
113 235
113 236
113 239
113 250
113 254
113 257
113 261
113 286
113 291
113 293
114 150
114 151
114 152
114 154
114 156
114 157
114 159
114 164
114 177
114 183
114 184
114 185
114 188
114 191
114 195
114 199
114 201
114 220
114 227
114 229
114 231
114 232
114 235
114 236
114 242
114 243
114 245
114 246
114 254
114 256
114 257
114 259
114 260
114 261
114 271
114 290
114 300
115 149
115 170
115 183
115 185
115 186
115 188
115 191
115 193
115 194
115 195
115 201
115 212
115 220
115 224
115 227
115 229
115 232
115 235
115 236
115 240
115 242
115 246
115 248
115 250
115 252
115 257
115 260
115 261
115 271
115 274
115 284
115 290
115 296
115 297
115 299
116 146
116 155
116 156
116 160
116 161
116 164
116 167
116 173
116 180
116 191
116 199
116 202
116 206
116 207
116 209
116 210
116 211
116 225
116 228
116 233
116 234
116 236
116 248
116 255
116 257
116 261
116 292
117 149
117 150
117 152
117 153
117 154
117 157
117 158
117 164
117 169
117 170
117 172
117 173
117 175
117 177
117 181
117 196
117 204
117 207
117 208
117 215
117 217
117 219
117 220
117 224
117 226
117 232
117 233
117 234
117 235
117 237
117 238
117 240
117 241
117 242
117 243
117 244
117 245
117 246
117 247
117 248
117 251
117 253
117 257
117 258
117 259
117 260
117 297
117 298
117 299
118 129
118 135
118 136
118 137
118 145
118 150
118 151
118 153
118 154
118 155
118 157
118 160
118 161
118 163
118 164
118 165
118 177
118 196
118 197
118 199
118 211
118 214
118 216
118 224
118 225
118 226
118 227
118 230
118 231
118 233
118 234
118 236
118 237
118 240
118 242
118 245
118 248
118 249
118 251
118 252
118 253
118 254
118 256
118 257
118 258
118 259
118 290
118 292
118 293
118 294
118 295
118 297
118 298
119 148
119 149
119 152
119 154
119 155
119 158
119 159
119 164
119 165
119 167
119 168
119 169
119 170
119 172
119 173
119 174
119 175
119 177
119 178
119 196
119 197
119 199
119 224
119 226
119 228
119 230
119 233
119 234
119 235
119 236
119 237
119 238
119 239
119 240
119 241
119 242
119 245
119 246
119 247
119 249
119 255
119 264
119 271
119 278
119 291
119 293
120 149
120 158
120 164
120 183
120 184
120 186
120 191
120 194
120 195
120 199
120 201
120 202
120 207
120 215
120 217
120 220
120 227
120 229
120 236
120 237
120 241
120 244
120 245
120 246
120 247
120 252
120 261
120 271
120 284
120 285
120 297
120 299
121 149
121 152
121 153
121 154
121 156
121 164
121 167
121 168
121 173
121 183
121 191
121 193
121 194
121 195
121 199
121 207
121 209
121 215
121 216
121 220
121 223
121 224
121 227
121 232
121 236
121 246
121 248
121 250
121 286
121 290
121 291
121 292
121 293
121 298
122 149
122 152
122 153
122 154
122 156
122 164
122 173
122 190
122 193
122 196
122 197
122 199
122 212
122 215
122 223
122 224
122 232
122 233
122 235
122 239
122 240
122 241
122 242
122 243
122 244
122 246
122 248
122 250
122 255
122 258
122 261
122 262
122 263
122 278
122 290
122 292
122 293
122 297
122 298
122 299
122 300
123 134
123 149
123 158
123 169
123 173
123 183
123 184
123 188
123 194
123 195
123 199
123 203
123 216
123 220
123 224
123 227
123 229
123 233
123 236
123 240
123 242
123 243
123 246
123 250
123 252
123 256
123 257
123 260
123 261
123 296
123 297
123 299
124 149
124 153
124 156
124 158
124 168
124 173
124 175
124 183
124 188
124 195
124 202
124 205
124 207
124 217
124 220
124 225
124 227
124 229
124 233
124 234
124 235
124 236
124 244
124 248
124 249
124 260
124 261
124 284
124 285
124 297
124 299
125 134
125 149
125 152
125 158
125 164
125 173
125 181
125 182
125 183
125 184
125 185
125 187
125 189
125 191
125 192
125 193
125 194
125 195
125 196
125 198
125 199
125 201
125 202
125 220
125 224
125 225
125 227
125 230
125 231
125 232
125 236
125 238
125 240
125 241
125 242
125 244
125 245
125 250
125 251
125 257
125 262
125 266
125 278
125 286
125 297
125 299
126 130
126 148
126 149
126 152
126 153
126 154
126 156
126 158
126 161
126 162
126 164
126 166
126 181
126 183
126 193
126 196
126 204
126 205
126 207
126 208
126 209
126 210
126 212
126 215
126 216
126 217
126 218
126 219
126 221
126 222
126 223
126 225
126 226
126 233
126 234
126 237
126 238
126 241
126 242
126 244
126 248
126 249
126 255
126 259
126 261
126 278
126 281
126 297
126 298
126 299
127 149
127 152
127 154
127 164
127 169
127 170
127 172
127 173
127 177
127 190
127 193
127 196
127 197
127 212
127 220
127 223
127 224
127 225
127 226
127 228
127 230
127 231
127 232
127 233
127 234
127 235
127 236
127 237
127 238
127 239
127 240
127 241
127 242
127 244
127 247
127 248
127 249
127 251
127 253
127 255
127 258
127 260
127 290
127 297
127 299
128 152
128 153
128 154
128 156
128 161
128 164
128 173
128 190
128 196
128 204
128 207
128 208
128 215
128 217
128 223
128 226
128 228
128 230
128 231
128 233
128 235
128 237
128 238
128 239
128 240
128 241
128 244
128 245
128 247
128 250
128 251
128 253
128 257
128 259
128 260
128 290
128 293
128 297
128 298
128 299
129 149
129 158
129 183
129 184
129 185
129 186
129 187
129 188
129 191
129 194
129 195
129 198
129 199
129 201
129 202
129 220
129 227
129 229
129 235
129 236
129 243
129 246
129 250
129 253
129 257
129 260
129 261
129 290
129 296
129 297
129 299
130 146
130 152
130 155
130 157
130 159
130 160
130 164
130 165
130 168
130 173
130 183
130 191
130 194
130 195
130 203
130 207
130 215
130 216
130 224
130 227
130 228
130 230
130 231
130 233
130 234
130 235
130 236
130 239
130 240
130 242
130 252
130 254
130 255
130 263
130 291
130 292
130 293
130 296
130 298
131 134
131 149
131 152
131 158
131 164
131 173
131 183
131 185
131 188
131 191
131 194
131 195
131 199
131 201
131 202
131 215
131 226
131 227
131 228
131 234
131 239
131 243
131 244
131 249
131 252
131 254
131 261
131 264
131 271
131 285
131 286
131 293
132 149
132 152
132 158
132 164
132 183
132 190
132 194
132 195
132 199
132 201
132 208
132 215
132 217
132 220
132 221
132 225
132 226
132 228
132 230
132 231
132 232
132 233
132 234
132 237
132 238
132 239
132 240
132 241
132 242
132 244
132 245
132 247
132 250
132 255
132 260
132 261
132 285
132 297
132 299
133 149
133 152
133 153
133 155
133 157
133 159
133 160
133 161
133 162
133 164
133 167
133 173
133 175
133 187
133 196
133 204
133 209
133 211
133 215
133 216
133 217
133 218
133 219
133 221
133 223
133 224
133 226
133 230
133 233
133 237
133 240
133 241
133 242
133 244
133 245
133 249
133 253
133 255
133 256
133 262
133 289
133 290
133 291
133 292
133 293
133 294
133 295
134 137
134 145
134 148
134 150
134 151
134 152
134 153
134 154
134 155
134 156
134 160
134 164
134 165
134 175
134 196
134 197
134 211
134 214
134 219
134 220
134 222
134 227
134 229
134 230
134 231
134 237
134 243
134 246
134 250
134 251
134 253
134 256
134 257
134 258
134 259
134 260
134 262
134 289
134 290
134 291
134 293
134 294
134 295
134 297
134 300
135 152
135 153
135 154
135 155
135 156
135 161
135 164
135 168
135 172
135 173
135 179
135 183
135 185
135 188
135 191
135 192
135 194
135 195
135 198
135 199
135 201
135 202
135 205
135 206
135 207
135 212
135 215
135 220
135 223
135 224
135 225
135 226
135 232
135 233
135 236
135 240
135 245
135 248
135 255
135 257
135 260
135 261
135 277
135 284
135 291
135 293
135 294
136 149
136 153
136 154
136 156
136 158
136 164
136 182
136 183
136 184
136 185
136 186
136 188
136 189
136 191
136 193
136 194
136 195
136 199
136 201
136 202
136 204
136 205
136 207
136 208
136 209
136 212
136 215
136 216
136 217
136 221
136 223
136 226
136 233
136 234
136 237
136 241
136 243
136 250
136 252
136 257
136 261
136 271
136 280
136 284
136 285
136 296
136 297
136 298
136 299
137 149
137 153
137 156
137 158
137 183
137 185
137 186
137 188
137 189
137 191
137 194
137 195
137 199
137 201
137 202
137 208
137 215
137 217
137 227
137 229
137 243
137 246
137 250
137 260
137 261
137 279
137 284
137 285
137 287
137 297
137 299
138 149
138 151
138 152
138 153
138 154
138 156
138 164
138 165
138 183
138 193
138 199
138 227
138 228
138 230
138 234
138 236
138 239
138 245
138 247
138 250
138 251
138 253
138 255
138 256
138 257
138 262
138 286
138 291
138 292
138 293
138 300
139 150
139 151
139 152
139 153
139 154
139 155
139 156
139 157
139 159
139 160
139 161
139 163
139 164
139 165
139 177
139 183
139 184
139 186
139 195
139 196
139 199
139 216
139 220
139 227
139 230
139 231
139 234
139 235
139 236
139 243
139 246
139 252
139 254
139 256
139 257
139 261
139 288
139 290
139 291
139 292
139 293
139 294
139 295
139 300
140 150
140 152
140 153
140 154
140 155
140 156
140 157
140 159
140 160
140 161
140 164
140 165
140 173
140 183
140 184
140 188
140 194
140 195
140 199
140 204
140 220
140 221
140 223
140 227
140 229
140 230
140 231
140 235
140 236
140 243
140 246
140 252
140 254
140 256
140 257
140 260
140 290
140 292
140 293
140 298
141 149
141 152
141 154
141 158
141 164
141 182
141 183
141 184
141 185
141 188
141 191
141 194
141 195
141 199
141 215
141 220
141 229
141 236
141 243
141 244
141 246
141 249
141 250
141 257
141 261
141 271
141 284
141 285
141 287
141 288
141 292
141 297
142 152
142 154
142 161
142 164
142 170
142 173
142 175
142 196
142 207
142 208
142 217
142 225
142 226
142 233
142 234
142 236
142 248
142 249
142 253
142 255
142 256
142 257
142 278
142 293
142 298
143 152
143 158
143 164
143 173
143 183
143 184
143 185
143 188
143 191
143 194
143 195
143 199
143 200
143 220
143 227
143 229
143 235
143 236
143 243
143 246
143 250
143 252
143 256
143 257
143 260
143 261
143 297
143 299
144 146
144 150
144 151
144 152
144 153
144 155
144 157
144 159
144 160
144 161
144 164
144 165
144 173
144 183
144 184
144 191
144 194
144 195
144 199
144 211
144 215
144 220
144 222
144 227
144 229
144 231
144 236
144 238
144 244
144 254
144 257
144 261
144 271
144 290
144 294
144 296
144 297
144 299
145 149
145 155
145 156
145 158
145 160
145 162
145 177
145 183
145 184
145 187
145 188
145 189
145 193
145 194
145 195
145 198
145 199
145 200
145 216
145 220
145 227
145 229
145 235
145 236
145 243
145 246
145 250
145 251
145 253
145 256
145 257
145 260
145 261
145 272
145 280
145 288
145 292
145 293
145 299
146 148
146 152
146 153
146 154
146 156
146 158
146 164
146 193
146 196
146 212
146 215
146 219
146 220
146 223
146 237
146 241
146 243
146 244
146 246
146 248
146 249
146 250
146 253
146 259
146 260
146 262
146 264
146 279
146 288
146 297
146 299
147 150
147 152
147 153
147 154
147 155
147 156
147 157
147 159
147 160
147 161
147 162
147 164
147 165
147 167
147 173
147 174
147 179
147 197
147 211
147 214
147 215
147 219
147 222
147 223
147 230
147 231
147 235
147 236
147 237
147 245
147 253
147 256
147 258
147 260
147 289
147 290
147 291
147 292
147 293
147 294
147 295
147 298
147 300
148 149
148 158
148 173
148 183
148 188
148 195
148 199
148 202
148 224
148 228
148 230
148 231
148 234
148 238
148 239
148 240
148 242
148 243
148 245
148 247
148 249
148 250
148 254
148 261
148 264
148 289
148 293
148 296
148 299
149 150
149 151
149 152
149 154
149 155
149 156
149 157
149 159
149 160
149 161
149 162
149 163
149 164
149 165
149 173
149 184
149 196
149 197
149 204
149 211
149 214
149 216
149 219
149 220
149 221
149 222
149 228
149 230
149 231
149 234
149 237
149 238
149 240
149 242
149 244
149 245
149 247
149 249
149 251
149 252
149 254
149 256
149 258
149 260
149 291
149 292
149 293
150 155
150 158
150 160
150 204
150 207
150 208
150 211
150 213
150 214
150 216
150 217
150 219
150 221
150 222
150 235
150 250
150 262
150 265
150 266
150 271
150 274
150 278
150 280
150 281
150 287
150 288
150 289
150 291
150 292
150 295
150 296
151 155
151 158
151 160
151 183
151 196
151 211
151 216
151 230
151 231
151 250
151 252
151 262
151 268
151 269
151 271
151 273
151 276
151 278
151 279
151 280
151 282
151 283
151 287
151 290
151 291
151 293
151 298
152 155
152 158
152 160
152 183
152 184
152 204
152 205
152 209
152 211
152 212
152 216
152 219
152 220
152 221
152 223
152 230
152 231
152 250
152 252
152 266
152 271
152 273
152 282
152 293
152 294
152 295
152 296
152 297
152 299
153 155
153 158
153 160
153 189
153 254
153 271
153 280
153 287
153 290
153 293
153 294
153 296
153 297
153 299
153 300
154 155
154 158
154 160
154 204
154 211
154 214
154 216
154 219
154 221
154 231
154 250
154 252
154 254
154 262
154 271
154 280
154 290
154 293
154 295
154 296
154 297
154 298
154 299
154 300
155 156
155 157
155 158
155 159
155 161
155 162
155 163
155 164
155 165
155 166
155 168
155 169
155 170
155 172
155 175
155 177
155 178
155 179
155 193
155 196
155 215
155 216
155 219
155 220
155 227
155 228
155 229
155 230
155 231
155 233
155 234
155 235
155 236
155 237
155 240
155 245
155 247
155 250
155 254
155 267
155 269
155 270
155 272
155 274
155 276
155 277
155 278
155 279
155 280
155 282
155 284
155 290
155 291
155 292
155 296
155 297
156 158
156 160
156 205
156 206
156 207
156 208
156 209
156 210
156 211
156 212
156 213
156 214
156 216
156 217
156 220
156 235
156 250
156 254
156 265
156 275
156 289
156 290
156 295
156 296
156 297
156 299
157 158
157 160
157 203
157 204
157 208
157 211
157 212
157 214
157 216
157 217
157 219
157 220
157 221
157 222
157 223
157 227
157 245
157 250
157 252
157 257
157 259
157 266
157 268
157 269
157 271
157 273
157 274
157 275
157 278
157 280
157 281
157 282
157 287
157 289
157 292
157 295
157 296
158 159
158 160
158 162
158 163
158 164
158 165
158 168
158 174
158 177
158 179
158 186
158 190
158 193
158 194
158 197
158 199
158 204
158 216
158 219
158 220
158 221
158 224
158 230
158 231
158 232
158 237
158 245
158 246
158 248
158 252
158 254
158 255
158 257
158 260
158 277
158 288
158 289
158 290
158 291
158 292
158 293
158 294
158 295
158 298
158 300
159 160
159 203
159 204
159 205
159 206
159 209
159 210
159 211
159 212
159 216
159 220
159 223
159 227
159 231
159 247
159 266
159 271
159 278
159 289
159 292
159 295
159 296
160 161
160 162
160 163
160 164
160 165
160 166
160 167
160 169
160 170
160 171
160 172
160 173
160 174
160 175
160 176
160 178
160 179
160 180
160 193
160 203
160 215
160 220
160 227
160 229
160 230
160 231
160 233
160 235
160 236
160 237
160 242
160 246
160 250
160 251
160 254
160 262
160 269
160 270
160 272
160 273
160 274
160 276
160 277
160 280
160 283
160 284
160 290
160 293
160 297
161 177
161 189
161 205
161 207
161 208
161 209
161 211
161 216
161 217
161 219
161 220
161 221
161 222
161 226
161 234
161 238
161 239
161 240
161 243
161 247
161 249
161 250
161 254
161 258
161 261
161 264
161 266
161 273
161 276
161 278
161 280
161 282
161 289
161 292
161 295
162 163
162 177
162 203
162 204
162 205
162 207
162 208
162 212
162 214
162 215
162 216
162 219
162 220
162 221
162 222
162 223
162 250
162 265
162 266
162 267
162 269
162 271
162 273
162 275
162 276
162 278
162 279
162 280
162 281
162 282
162 283
162 285
162 288
162 291
162 292
162 293
162 295
162 296
163 177
163 204
163 214
163 222
163 231
163 245
163 275
163 280
163 283
163 288
163 290
163 294
163 296
163 297
163 298
164 203
164 204
164 205
164 206
164 209
164 210
164 212
164 213
164 214
164 216
164 217
164 220
164 222
164 223
164 229
164 230
164 231
164 271
164 293
164 294
164 296
164 297
165 177
165 203
165 204
165 205
165 206
165 208
165 209
165 210
165 211
165 212
165 213
165 214
165 216
165 217
165 219
165 220
165 222
165 223
165 227
165 228
165 229
165 230
165 231
165 233
165 234
165 235
165 237
165 239
165 240
165 241
165 245
165 246
165 247
165 250
165 252
165 262
165 266
165 268
165 271
165 278
165 289
165 293
165 297
166 168
166 192
166 226
166 232
166 234
166 237
166 243
166 248
166 250
166 255
166 266
166 267
166 271
166 278
166 285
166 287
166 293
167 168
167 177
167 187
167 207
167 209
167 217
167 220
167 226
167 227
167 228
167 232
167 233
167 234
167 235
167 236
167 237
167 240
167 248
167 256
167 266
167 267
167 271
167 278
167 285
167 287
167 293
168 169
168 170
168 171
168 172
168 173
168 174
168 175
168 176
168 177
168 179
168 196
168 203
168 205
168 206
168 207
168 208
168 209
168 210
168 217
168 219
168 220
168 221
168 223
168 225
168 227
168 229
168 230
168 235
168 236
168 242
168 243
168 244
168 245
168 246
168 248
168 249
168 250
168 251
168 253
168 256
168 257
168 265
168 272
168 277
168 284
168 286
168 287
168 288
169 190
169 203
169 205
169 206
169 207
169 209
169 210
169 211
169 213
169 214
169 217
169 221
169 222
169 223
169 224
169 226
169 242
169 260
169 266
169 271
169 278
169 287
169 293
170 177
170 192
170 205
170 207
170 209
170 217
170 221
170 224
170 226
170 227
170 232
170 237
170 239
170 240
170 241
170 243
170 248
170 256
170 267
170 271
170 278
170 287
170 291
170 295
171 177
171 196
171 209
171 218
171 228
171 232
171 235
171 236
171 237
171 243
171 267
171 271
171 278
171 285
171 286
171 287
172 190
172 194
172 206
172 207
172 209
172 210
172 217
172 226
172 227
172 228
172 229
172 232
172 235
172 236
172 237
172 243
172 246
172 271
172 276
172 278
172 287
172 293
173 177
173 187
173 192
173 196
173 203
173 204
173 208
173 212
173 213
173 220
173 225
173 227
173 228
173 229
173 232
173 234
173 235
173 236
173 237
173 238
173 243
173 244
173 246
173 248
173 257
173 258
173 276
173 278
173 287
173 291
173 295
173 298
173 299
174 186
174 206
174 207
174 209
174 210
174 212
174 217
174 218
174 230
174 245
174 266
174 267
174 271
174 278
174 287
174 293
175 177
175 192
175 225
175 226
175 232
175 243
175 248
175 249
175 271
175 278
175 287
175 293
176 177
176 192
176 207
176 209
176 217
176 227
176 228
176 229
176 232
176 235
176 236
176 237
176 266
176 267
176 271
176 278
176 285
176 287
177 178
177 179
177 219
177 221
177 226
177 232
177 240
177 243
177 248
177 254
177 272
177 280
177 290
177 292
177 293
177 295
177 296
177 297
177 298
178 190
178 192
178 207
178 209
178 214
178 217
178 226
178 248
178 250
178 255
178 256
178 260
178 261
178 262
178 278
178 287
179 191
179 194
179 196
179 197
179 205
179 207
179 209
179 217
179 226
179 227
179 228
179 229
179 230
179 232
179 235
179 236
179 237
179 243
179 244
179 245
179 271
179 278
179 285
179 286
179 287
179 293
180 187
180 192
180 207
180 209
180 217
180 226
180 240
180 267
180 271
180 278
180 287
180 289
180 291
180 295
181 182
181 184
181 189
181 195
181 196
181 197
181 218
181 224
181 231
181 233
181 240
181 252
181 261
181 266
181 288
181 290
181 300
182 183
182 184
182 185
182 187
182 188
182 189
182 190
182 191
182 192
182 194
182 196
182 197
182 198
182 199
182 200
182 201
182 202
182 230
182 231
182 232
182 240
182 260
182 261
182 266
183 186
183 189
183 192
183 193
183 195
183 196
183 197
183 224
183 229
183 231
183 232
183 237
183 251
183 253
183 256
183 258
183 259
183 260
183 262
183 269
183 288
183 290
183 300
184 187
184 189
184 191
184 192
184 196
184 225
184 230
184 243
184 245
184 249
184 252
184 253
184 258
184 259
184 262
184 288
184 290
184 300
185 189
185 190
185 192
185 193
185 195
185 196
185 197
185 231
185 232
185 240
185 247
185 251
185 253
185 257
185 259
185 262
185 266
185 269
185 271
185 290
185 300
186 191
186 192
186 196
186 197
186 230
186 245
186 251
186 252
186 254
186 256
186 258
186 259
186 262
186 275
186 283
186 288
186 289
186 292
186 297
186 298
186 299
187 189
187 190
187 193
187 195
187 196
187 197
187 209
187 224
187 225
187 228
187 229
187 230
187 232
187 233
187 234
187 237
187 238
187 239
187 240
187 242
187 243
187 244
187 246
187 247
187 248
187 251
187 252
187 256
187 260
187 261
187 269
187 270
187 271
187 272
187 273
187 277
187 278
187 279
187 281
187 282
187 286
187 290
187 299
187 300
188 189
188 192
188 193
188 195
188 196
188 197
188 225
188 231
188 232
188 233
188 246
188 251
188 253
188 254
188 257
188 258
188 259
188 260
188 262
188 269
188 271
188 277
188 286
188 290
189 191
189 192
189 194
189 195
189 196
189 197
189 198
189 200
189 201
189 202
189 231
189 240
189 261
189 265
189 266
189 267
189 268
189 269
189 271
189 273
189 274
189 275
189 276
189 278
189 279
189 281
189 282
189 283
189 285
189 287
189 288
189 289
189 291
189 295
190 192
190 194
190 195
190 196
190 202
190 225
190 229
190 231
190 236
190 243
190 246
190 248
190 249
190 251
190 261
190 263
190 265
190 266
190 267
190 268
190 269
190 270
190 271
190 272
190 273
190 274
190 276
190 278
190 280
190 281
190 284
190 285
190 286
190 287
190 288
191 192
191 193
191 195
191 196
191 197
191 218
191 225
191 231
191 232
191 243
191 244
191 246
191 248
191 251
191 253
191 257
191 259
191 260
191 262
191 266
191 267
191 269
191 273
191 277
191 278
191 281
191 282
191 286
191 287
191 294
192 194
192 195
192 196
192 197
192 198
192 199
192 201
192 202
192 210
192 215
192 229
192 235
192 237
192 243
192 244
192 247
192 253
192 255
192 258
192 259
192 261
192 265
192 266
192 268
192 269
192 270
192 272
192 273
192 274
192 275
192 276
192 277
192 278
192 279
192 280
192 281
192 282
192 283
192 284
193 194
193 196
193 197
193 198
193 199
193 200
193 201
193 202
193 207
193 209
193 217
193 220
193 224
193 229
193 233
193 235
193 236
193 237
193 242
193 246
193 258
193 260
193 265
193 267
193 268
193 269
193 271
193 273
193 275
193 276
193 279
193 283
193 287
193 291
193 293
193 296
193 297
193 298
193 300
194 195
194 196
194 197
194 224
194 225
194 226
194 228
194 229
194 230
194 232
194 233
194 234
194 237
194 238
194 239
194 240
194 241
194 243
194 244
194 246
194 247
194 248
194 251
194 253
194 254
194 255
194 256
194 257
194 258
194 259
194 260
194 262
194 263
194 267
194 269
194 270
194 272
194 273
194 277
194 278
194 286
194 287
194 290
194 292
194 294
194 297
194 298
194 299
195 197
195 198
195 199
195 200
195 201
195 202
195 224
195 233
195 242
196 198
196 199
196 200
196 201
196 202
196 206
196 209
196 220
196 224
196 225
196 228
196 232
196 233
196 237
196 250
196 254
196 255
196 261
196 263
196 269
196 273
196 275
196 277
196 278
196 279
196 286
196 287
196 289
196 292
196 295
196 296
196 300
197 198
197 199
197 200
197 201
197 202
197 220
197 224
197 227
197 228
197 231
197 232
197 233
197 235
197 237
197 240
197 243
197 248
197 250
197 254
197 255
197 260
197 261
197 269
197 289
197 292
197 295
197 297
197 300
198 225
198 228
198 231
198 233
198 235
198 236
198 246
198 251
198 252
198 253
198 256
198 259
198 260
198 288
198 290
198 300
199 231
199 240
199 250
199 251
199 253
199 260
199 275
199 286
199 288
199 292
199 295
199 296
199 297
199 298
199 299
199 300
200 231
200 251
200 252
200 259
200 261
200 288
200 290
200 300
201 224
201 226
201 228
201 229
201 230
201 232
201 234
201 237
201 238
201 239
201 240
201 241
201 244
201 245
201 246
201 248
201 249
201 251
201 253
201 256
201 258
201 259
201 260
201 262
201 264
201 266
201 269
201 271
201 288
201 290
201 300
202 209
202 220
202 224
202 226
202 229
202 231
202 232
202 237
202 239
202 241
202 244
202 246
202 247
202 248
202 251
202 258
202 259
202 260
202 262
202 266
202 269
202 277
202 280
202 281
202 286
202 287
202 288
202 290
202 300
203 220
203 232
203 240
203 242
203 248
203 254
203 271
203 272
203 278
203 280
203 284
203 285
203 287
203 289
203 290
203 291
203 292
203 294
203 295
203 297
204 220
204 224
204 250
204 272
204 278
204 287
204 289
204 290
204 291
204 292
204 294
204 295
204 296
204 297
204 299
205 220
205 233
205 254
205 289
205 290
205 291
205 292
205 294
206 220
206 267
206 270
206 271
206 272
206 278
206 280
206 285
206 287
206 290
206 291
206 295
207 220
207 227
207 228
207 232
207 233
207 234
207 235
207 236
207 243
207 246
207 248
207 254
207 266
207 270
207 272
207 280
207 289
207 290
207 291
207 292
207 294
207 296
207 297
208 220
208 248
208 272
208 277
208 280
208 290
208 291
209 220
209 225
209 233
209 234
209 243
209 248
209 251
209 254
209 257
209 258
209 259
209 261
209 262
209 264
209 266
209 268
209 270
209 271
209 272
209 273
209 274
209 276
209 280
209 282
209 284
209 287
209 289
209 291
209 292
209 294
209 295
209 297
210 220
210 254
210 267
210 271
210 272
210 280
210 281
210 287
210 288
210 290
210 291
211 220
211 230
211 231
211 233
211 243
211 248
211 250
211 251
211 252
211 266
211 267
211 268
211 269
211 271
211 272
211 273
211 274
211 275
211 276
211 278
211 279
211 280
211 281
211 282
211 283
211 287
211 291
211 292
211 293
212 220
212 224
212 254
212 272
212 277
212 289
212 290
212 291
212 294
212 295
213 220
213 233
213 254
213 272
213 273
213 274
213 276
213 281
213 283
213 287
213 291
213 293
214 220
214 270
214 271
214 272
214 278
214 280
214 281
214 284
214 287
214 289
214 290
214 291
214 294
214 295
215 220
215 224
215 229
215 232
215 233
215 248
215 266
215 268
215 273
215 275
215 276
215 282
215 283
215 287
215 290
215 296
215 297
216 220
216 250
216 252
216 266
216 285
216 293
216 296
216 297
216 299
217 220
217 233
217 234
217 248
217 254
217 268
217 270
217 272
217 273
217 276
217 277
217 280
217 281
217 287
217 289
217 293
217 295
218 220
218 224
218 225
218 226
218 228
218 232
218 233
218 234
218 240
218 242
218 243
218 248
218 270
218 279
218 288
218 291
218 293
218 295
219 220
219 250
219 262
219 266
219 270
219 271
219 272
219 273
219 276
219 278
219 287
219 293
219 297
220 221
220 222
220 223
220 225
220 228
220 233
220 234
220 237
220 240
220 248
220 249
220 253
220 254
220 256
220 257
220 258
220 259
220 260
220 262
220 265
220 266
220 268
220 277
220 278
220 279
220 282
220 283
220 285
220 289
220 291
220 292
220 293
220 294
220 295
220 298
220 299
221 233
221 250
221 266
221 267
221 271
221 273
221 274
221 276
221 278
221 281
221 287
221 293
221 297
222 233
222 236
222 248
222 250
222 272
222 277
222 280
222 289
222 290
222 291
222 294
222 295
223 229
223 232
223 236
223 248
223 254
223 272
223 280
223 289
223 290
223 291
223 292
223 294
223 295
224 225
224 227
224 229
224 231
224 235
224 243
224 246
224 248
224 253
224 262
224 264
224 266
224 271
224 278
224 280
224 283
225 226
225 227
225 228
225 229
225 230
225 231
225 232
225 233
225 234
225 235
225 236
225 237
225 238
225 239
225 240
225 241
225 242
225 243
225 244
225 245
225 246
225 247
225 249
225 251
225 253
225 255
225 256
225 257
225 258
225 260
225 261
225 264
225 265
225 267
225 268
225 269
225 270
225 271
225 273
225 274
225 275
225 276
225 277
225 278
225 279
225 280
225 282
225 283
225 284
225 285
225 287
225 288
225 292
226 227
226 229
226 231
226 235
226 236
226 243
226 246
226 248
226 251
226 256
226 257
226 258
226 262
226 264
226 265
226 266
226 270
226 271
226 272
226 273
226 274
226 277
226 280
226 283
226 284
226 286
226 287
227 228
227 230
227 231
227 232
227 233
227 234
227 237
227 238
227 239
227 240
227 241
227 242
227 244
227 245
227 247
227 248
227 249
227 252
227 255
227 259
227 261
227 262
227 264
227 296
227 297
227 299
228 229
228 231
228 235
228 236
228 243
228 246
228 248
228 250
228 251
228 253
228 256
228 257
228 258
228 261
228 280
228 285
228 287
228 288
229 230
229 231
229 232
229 233
229 234
229 237
229 238
229 239
229 240
229 241
229 242
229 244
229 245
229 247
229 248
229 249
229 250
229 252
229 255
229 259
229 261
229 262
229 264
229 265
229 269
229 270
229 271
229 273
229 281
229 285
229 286
229 291
229 297
230 231
230 235
230 236
230 243
230 246
230 248
230 250
230 251
230 252
230 253
230 254
230 256
230 257
230 260
230 261
230 262
230 264
230 271
230 273
230 286
230 291
230 292
230 296
230 297
230 298
230 299
231 232
231 233
231 234
231 235
231 236
231 237
231 238
231 239
231 240
231 241
231 242
231 243
231 244
231 245
231 246
231 247
231 248
231 249
231 250
231 253
231 254
231 255
231 256
231 257
231 262
231 264
231 270
231 271
231 273
231 281
231 286
231 288
231 290
231 291
231 292
231 294
231 297
231 300
232 235
232 236
232 243
232 246
232 248
232 251
232 253
232 256
232 257
232 262
232 264
232 265
232 270
232 271
232 272
232 277
232 278
232 280
232 283
232 284
232 285
232 286
232 287
232 288
233 235
233 236
233 243
233 246
233 248
233 250
233 251
233 252
233 256
233 257
233 258
233 259
233 260
233 261
233 262
233 263
233 267
233 268
233 269
233 270
233 271
233 273
233 275
233 277
233 278
233 279
233 280
233 283
233 285
233 287
233 288
234 235
234 236
234 243
234 246
234 248
234 250
234 251
234 252
234 253
234 256
234 257
234 258
234 260
234 261
234 267
234 269
234 270
234 271
234 272
234 273
234 280
234 283
234 284
234 285
234 287
234 288
235 237
235 238
235 239
235 240
235 241
235 242
235 244
235 245
235 247
235 248
235 249
235 255
235 258
235 261
235 263
235 264
235 277
235 296
235 297
236 237
236 238
236 239
236 240
236 241
236 242
236 244
236 245
236 247
236 248
236 249
236 252
236 255
236 258
236 259
236 261
236 262
236 264
236 287
236 296
236 297
236 299
237 243
237 246
237 248
237 251
237 252
237 253
237 256
237 257
237 260
237 261
237 262
237 263
237 265
237 266
237 271
237 280
237 281
237 283
237 285
237 287
238 243
238 246
238 248
238 250
238 251
238 252
238 253
238 256
238 257
238 258
238 259
238 260
238 261
238 262
238 263
238 266
238 271
238 273
238 283
238 286
239 243
239 246
239 248
239 250
239 251
239 253
239 256
239 257
239 258
239 260
239 261
239 271
239 286
239 287
240 243
240 246
240 248
240 250
240 251
240 252
240 253
240 256
240 257
240 258
240 263
240 265
240 268
240 270
240 271
240 272
240 274
240 278
240 281
240 284
240 286
240 288
241 243
241 246
241 248
241 251
241 253
241 256
241 257
241 260
241 261
241 265
241 266
241 271
241 280
241 287
242 243
242 246
242 248
242 251
242 256
242 261
242 263
242 266
242 271
242 287
243 244
243 245
243 247
243 248
243 249
243 252
243 255
243 261
243 263
243 264
243 265
243 270
243 271
243 272
243 273
243 277
243 278
243 280
243 281
243 283
243 284
243 285
243 297
243 299
244 246
244 248
244 250
244 251
244 252
244 253
244 256
244 257
244 258
244 260
244 261
244 265
244 270
244 271
244 272
244 273
244 276
244 280
244 286
244 287
245 246
245 248
245 250
245 251
245 255
245 256
245 262
245 296
245 299
246 247
246 248
246 249
246 252
246 255
246 259
246 261
246 262
246 263
246 264
246 267
246 268
246 269
246 270
246 271
246 272
246 273
246 274
246 278
246 280
246 281
246 285
246 287
246 296
246 297
246 299
247 248
247 253
247 255
247 256
247 257
247 258
247 261
247 265
247 266
247 280
247 283
247 286
247 287
248 249
248 251
248 255
248 257
248 258
248 259
248 261
248 262
248 265
248 266
248 269
248 270
248 271
248 272
248 274
248 277
248 278
248 280
248 283
248 284
248 288
249 250
249 257
249 258
249 261
249 263
249 264
249 265
249 271
249 278
249 280
249 284
250 252
250 254
250 255
250 261
250 263
250 264
250 268
250 269
250 270
250 271
250 272
250 273
250 274
250 275
250 277
250 278
250 279
250 281
250 283
250 286
250 287
250 289
250 291
250 292
250 293
250 295
250 298
250 300
251 252
251 254
251 255
251 261
251 263
251 264
251 267
251 268
251 269
251 270
251 273
251 275
251 277
251 278
251 279
251 280
251 281
251 283
251 285
251 286
251 287
251 288
251 292
251 298
252 253
252 254
252 255
252 256
252 257
252 258
252 259
252 260
252 262
252 263
252 264
252 267
252 269
252 270
252 273
252 275
252 278
252 281
252 282
252 283
252 284
252 286
252 287
252 290
252 292
252 296
252 297
252 299
253 254
253 255
253 261
253 263
253 264
253 269
253 270
253 271
253 272
253 275
253 278
253 281
253 286
253 287
253 296
253 299
254 255
254 256
254 257
254 258
254 259
254 260
254 261
254 262
254 263
254 264
254 267
254 268
254 269
254 271
254 274
254 275
254 276
254 278
254 279
254 280
254 282
254 283
254 286
254 287
254 288
254 291
254 294
254 296
254 298
255 256
255 257
255 258
255 259
255 260
255 261
255 262
255 263
255 268
255 269
255 270
255 271
255 272
255 277
255 278
255 281
255 283
255 284
255 285
255 286
255 287
256 261
256 263
256 264
256 268
256 269
256 270
256 271
256 273
256 278
256 279
256 281
256 284
256 286
256 296
256 299
257 261
257 263
257 264
257 267
257 269
257 271
257 273
257 277
257 278
257 279
257 281
257 286
257 287
257 288
257 292
257 293
257 296
257 298
257 299
257 300
258 261
258 263
258 264
258 268
258 269
258 271
258 273
258 275
258 276
258 278
258 279
258 286
258 296
258 299
258 300
259 261
259 263
259 264
259 268
259 269
259 271
259 273
259 275
259 276
259 277
259 278
259 279
259 283
259 284
259 286
259 287
259 288
259 292
259 296
260 261
260 263
260 264
260 268
260 269
260 271
260 272
260 273
260 275
260 276
260 277
260 278
260 279
260 284
260 286
260 296
260 297
260 299
261 262
261 263
261 264
261 268
261 269
261 270
261 271
261 272
261 273
261 275
261 276
261 277
261 278
261 279
261 286
261 288
261 290
261 300
262 263
262 264
262 268
262 269
262 273
262 275
262 277
262 278
262 283
262 286
262 287
262 294
262 300
263 264
263 270
263 277
263 278
264 267
264 268
264 269
264 271
264 273
264 275
264 276
264 278
264 279
264 281
264 283
264 286
264 287
264 288
264 297
265 292
265 294
265 296
265 297
265 299
266 277
266 286
266 289
266 291
266 295
267 286
267 288
267 289
267 290
267 292
267 294
267 295
267 296
267 297
267 299
267 300
268 286
268 288
268 290
268 291
268 292
268 297
269 286
269 288
269 289
269 290
269 292
269 294
269 295
269 296
269 297
270 280
270 285
270 286
270 288
270 293
270 298
271 277
271 286
271 288
271 289
271 290
271 291
271 292
271 294
271 296
271 297
272 286
272 288
272 293
273 286
273 289
273 290
273 291
273 292
273 294
273 295
273 296
273 297
274 286
274 289
274 290
274 294
274 295
275 286
275 288
275 289
275 290
275 291
275 292
275 294
275 295
275 296
275 297
276 286
276 291
276 292
277 285
277 286
277 288
277 291
277 292
277 293
278 280
278 286
278 288
278 289
278 290
278 292
278 293
278 294
279 286
279 288
279 289
279 290
279 291
279 292
279 294
279 295
279 296
279 297
280 288
280 293
281 286
281 288
281 289
281 290
281 291
281 292
281 294
281 295
281 296
281 297
281 299
281 300
282 286
282 288
282 290
282 291
282 294
282 297
283 286
283 288
283 289
283 290
283 291
283 292
283 295
283 297
284 288
284 293
284 298
285 288
285 289
285 290
285 291
285 292
285 295
285 296
285 297
285 299
285 300
286 287
286 288
286 292
286 293
287 288
287 289
287 290
287 291
287 292
287 294
287 295
287 296
287 297
288 289
288 290
288 292
288 293
288 295
288 296
289 290
289 293
289 294
289 296
289 297
289 298
289 299
289 300
290 291
290 292
290 293
290 294
290 295
290 296
290 297
290 298
290 299
291 293
291 294
291 296
291 297
291 298
291 299
291 300
292 293
292 294
292 296
292 297
292 298
292 299
292 300
293 294
293 295
293 296
293 297
293 299
293 300
294 295
294 296
294 297
294 298
294 299
294 300
295 296
295 297
295 298
295 299
295 300
296 298
296 300
297 298
297 300
298 299
298 300
299 300
