heur057_n_300_m_2109
1 153
2 36
2 42
2 68
2 89
2 113
2 121
2 143
2 152
2 198
2 205
2 207
2 251
2 262
2 264
2 270
2 271
2 297
2 299
5 12
5 24
5 75
5 121
5 207
5 262
5 295
6 200
7 164
7 175
7 277
8 64
9 123
9 158
9 162
9 166
9 221
9 268
10 46
10 73
10 147
10 162
10 215
10 260
10 285
11 121
12 16
12 42
12 90
12 103
12 113
12 121
12 154
12 198
12 199
12 201
12 205
12 251
12 262
12 264
12 266
12 270
12 297
12 299
14 16
14 121
14 154
14 210
14 226
14 251
14 297
15 66
15 85
15 123
15 158
15 159
15 162
15 173
15 188
15 218
15 255
15 272
16 23
16 47
16 68
16 78
16 81
16 89
16 90
16 103
16 115
16 143
16 155
16 157
16 169
16 176
16 181
16 207
16 230
16 243
16 261
16 299
17 20
17 36
17 62
17 78
17 88
17 91
17 110
17 113
17 121
17 169
17 203
17 213
17 251
17 252
17 253
17 266
17 269
17 270
17 271
17 274
17 295
18 161
20 27
20 36
20 60
20 62
20 78
20 88
20 110
20 113
20 115
20 121
20 154
20 157
20 204
20 213
20 251
20 252
20 253
20 266
20 269
20 270
20 271
20 274
20 279
20 295
21 50
21 187
23 26
23 42
23 89
23 90
23 95
23 110
23 115
23 116
23 152
23 155
23 198
23 199
23 200
23 201
23 205
23 213
23 230
23 243
23 253
23 262
23 270
23 274
23 299
24 27
24 60
24 68
24 81
24 104
24 116
24 118
24 122
24 127
24 143
24 157
24 169
24 178
24 202
24 243
24 261
24 282
25 191
26 92
26 239
26 261
27 42
27 89
27 111
27 157
27 198
27 199
27 201
27 213
27 220
27 223
27 243
27 261
27 262
27 264
27 270
27 289
27 292
27 299
29 187
29 200
31 221
31 268
32 52
32 67
32 175
32 192
32 193
34 80
35 187
35 200
36 42
36 89
36 90
36 103
36 104
36 111
36 157
36 169
36 198
36 213
36 270
36 277
36 289
38 192
38 193
38 277
39 59
39 77
39 151
39 158
39 166
39 208
39 248
39 254
39 272
39 285
39 289
41 109
41 145
41 163
41 188
41 218
41 220
41 247
41 293
42 62
42 67
42 68
42 78
42 103
42 116
42 118
42 143
42 178
42 207
42 213
42 243
43 92
43 111
43 135
43 223
43 292
44 67
44 192
44 193
45 224
46 77
46 82
46 148
46 196
46 231
46 272
47 88
47 113
47 121
47 154
47 169
47 213
47 252
47 297
47 299
49 121
50 200
52 86
52 153
52 160
52 290
54 64
54 126
55 117
55 158
55 162
55 217
55 296
56 161
57 66
57 154
57 162
58 289
59 77
59 128
59 196
59 208
59 231
60 88
60 110
60 113
60 116
60 154
60 213
60 251
60 252
60 253
60 261
60 262
60 264
60 266
60 269
60 271
60 274
61 121
62 89
62 90
62 104
62 110
62 111
62 116
62 157
62 169
62 198
62 201
62 213
62 216
62 229
62 270
62 299
64 121
65 242
66 144
66 158
66 162
66 163
66 177
66 184
66 188
66 218
66 221
66 268
66 284
66 296
67 70
67 86
67 140
67 160
67 198
67 200
67 223
67 228
67 274
67 297
68 88
68 95
68 113
68 121
68 198
68 201
68 205
68 207
68 251
68 262
68 264
68 277
68 289
68 297
68 299
69 135
69 212
69 241
70 206
71 123
71 137
71 139
71 145
71 150
71 158
71 159
71 162
71 166
71 188
71 218
71 221
71 272
71 293
71 296
72 297
73 77
73 82
73 147
73 148
73 166
73 231
74 140
74 160
74 211
77 128
77 137
77 260
78 95
78 111
78 127
78 157
78 169
78 176
78 198
78 199
78 201
78 207
78 213
78 223
78 229
78 243
78 270
78 289
78 299
80 99
80 224
81 88
81 111
81 113
81 119
81 121
81 154
81 200
81 205
81 210
81 229
81 243
81 262
82 147
82 163
82 260
83 97
83 232
83 256
84 171
84 202
84 224
85 158
85 162
85 177
85 183
85 284
86 160
86 164
86 244
86 277
87 123
88 90
88 91
88 95
88 104
88 106
88 115
88 119
88 132
88 143
88 146
88 152
88 169
88 172
88 178
88 180
88 181
88 199
88 201
88 203
88 210
88 226
88 230
88 234
88 242
88 275
88 277
88 282
88 289
88 295
88 299
89 157
89 178
89 200
89 205
89 207
89 213
89 243
89 261
90 118
90 127
90 207
90 213
90 243
90 261
91 95
91 110
91 113
91 121
91 154
91 203
91 251
91 252
91 271
91 274
92 241
93 115
93 124
93 212
93 230
95 110
95 113
95 121
95 154
95 178
95 213
95 229
95 251
95 252
95 261
95 262
95 264
95 266
95 269
95 270
95 271
95 274
95 297
96 231
97 138
97 145
97 162
97 163
97 247
97 257
99 236
99 240
100 126
100 135
100 292
103 113
103 121
103 154
103 182
103 198
103 199
103 201
103 262
103 264
103 266
103 297
103 299
104 154
104 210
104 252
105 149
106 227
106 282
107 174
108 187
108 200
110 115
110 119
110 132
110 169
110 199
110 201
110 230
110 234
110 288
110 299
111 113
111 116
111 121
111 200
111 245
111 246
111 251
111 266
111 269
111 271
111 274
112 241
112 297
113 115
113 118
113 122
113 132
113 133
113 143
113 169
113 178
113 180
113 186
113 203
113 207
113 210
113 216
113 230
113 270
113 277
113 279
113 289
113 295
113 298
115 121
115 154
115 176
115 191
115 205
115 213
115 229
115 251
115 252
115 266
115 269
115 271
115 274
116 157
116 198
116 199
116 201
116 203
116 210
116 243
116 261
116 262
116 264
116 289
116 299
118 198
118 200
119 121
119 152
119 229
119 230
119 243
119 264
119 274
119 291
120 137
120 151
120 159
120 166
120 190
121 143
121 146
121 152
121 155
121 156
121 169
121 176
121 178
121 180
121 181
121 203
121 207
121 220
121 226
121 230
121 234
121 270
121 279
121 286
121 289
121 292
123 158
123 162
123 284
124 212
125 162
126 135
126 292
127 153
127 274
128 151
128 158
128 190
128 285
132 200
132 266
132 269
132 273
132 274
133 154
133 186
133 251
133 252
133 266
133 274
135 187
135 200
135 206
135 214
135 245
135 258
137 162
137 196
137 208
137 255
137 287
138 162
138 163
143 198
143 201
143 205
143 207
143 230
143 251
143 262
143 264
143 277
143 289
143 297
143 299
145 173
146 154
146 157
147 148
147 228
147 231
148 215
148 221
148 260
148 268
148 284
148 285
150 221
151 196
151 255
151 284
152 156
152 270
152 286
152 299
153 211
153 290
154 155
154 156
154 178
154 203
154 225
154 226
154 230
154 233
154 234
154 263
154 270
154 277
154 288
154 295
155 181
155 242
156 205
156 226
156 227
156 251
156 253
156 263
156 270
156 271
156 274
156 295
156 299
157 201
157 205
157 213
157 243
157 251
157 262
157 299
158 162
158 173
158 185
158 188
158 196
158 218
158 221
158 232
158 250
158 255
158 256
158 268
158 284
159 162
159 255
159 284
159 287
160 219
160 265
160 277
161 287
162 166
162 173
162 185
162 221
162 232
162 237
162 256
162 257
162 272
162 284
162 289
163 166
163 221
163 256
163 257
164 192
164 193
164 290
166 173
166 196
166 221
166 255
166 268
166 287
169 200
169 213
169 251
169 252
169 253
169 264
169 266
169 269
169 271
169 274
170 173
170 221
172 208
172 251
172 252
172 253
172 269
172 271
172 274
173 183
173 184
173 188
173 218
173 272
173 284
174 200
174 292
175 192
176 205
176 229
176 230
176 291
177 273
178 198
178 203
178 251
178 252
178 253
178 261
178 262
178 264
178 274
179 224
180 229
180 274
181 252
183 221
183 232
183 256
184 185
185 215
185 284
185 296
186 248
186 253
186 254
186 274
187 200
187 220
188 221
188 256
188 284
190 196
190 208
190 231
190 260
191 230
191 262
191 266
191 271
191 274
192 244
192 249
193 249
195 291
196 272
196 285
198 207
198 213
198 243
199 205
199 213
199 243
199 253
199 261
200 213
200 214
200 220
200 222
200 223
200 245
200 246
200 261
200 289
200 292
200 298
200 299
201 213
201 243
201 261
202 264
203 213
203 226
203 251
203 252
203 274
204 270
205 207
205 209
205 230
205 270
205 279
206 292
207 262
207 264
207 277
207 297
207 299
208 218
208 221
208 260
208 268
210 251
210 252
210 253
210 271
211 219
213 230
213 243
213 261
213 279
213 297
213 299
214 289
214 292
217 256
218 221
218 256
220 274
220 297
221 256
221 260
221 293
223 246
223 274
225 266
225 271
225 297
225 299
226 242
226 261
226 297
229 230
229 261
229 289
229 295
229 299
230 251
230 252
230 266
230 269
230 271
230 274
231 260
231 285
233 262
233 264
233 299
234 251
234 252
234 253
234 294
235 270
243 261
243 262
243 264
243 269
243 295
243 297
243 299
244 277
245 289
245 292
246 289
246 292
249 277
251 270
251 279
251 282
251 289
251 292
252 270
252 279
252 289
253 270
253 279
253 282
253 289
253 295
253 298
253 299
255 272
255 287
256 293
257 293
260 268
260 272
261 262
261 270
261 299
264 277
266 270
266 279
266 282
266 288
266 289
266 292
266 298
266 299
269 289
269 298
269 299
270 271
270 274
270 295
270 299
271 282
271 288
271 289
271 299
272 287
274 279
274 282
274 289
274 295
274 298
275 294
276 290
277 297
277 299
279 294
286 297
288 295
289 297
