heur059_n_300_m_7867
1 153
2 11
2 14
2 17
2 26
2 28
2 35
2 45
2 57
2 66
2 91
2 104
2 107
2 108
2 112
2 122
2 127
2 158
2 160
2 162
2 163
2 169
2 172
2 173
2 176
2 180
2 188
2 192
2 193
2 200
2 203
2 209
2 210
2 218
2 220
2 221
2 223
2 232
2 233
2 234
2 243
2 256
2 273
2 275
2 279
2 298
3 18
3 130
3 142
3 151
3 159
3 191
3 205
3 209
3 248
3 254
4 153
5 14
5 17
5 20
5 27
5 28
5 35
5 47
5 60
5 67
5 75
5 83
5 91
5 108
5 111
5 115
5 118
5 132
5 135
5 146
5 158
5 169
5 172
5 174
5 178
5 181
5 191
5 193
5 203
5 210
5 213
5 216
5 220
5 223
5 230
5 234
5 251
5 270
5 275
5 279
5 292
5 298
6 12
6 23
6 35
6 36
6 42
6 44
6 53
6 57
6 60
6 62
6 67
6 78
6 83
6 88
6 94
6 106
6 108
6 110
6 111
6 115
6 116
6 118
6 127
6 132
6 135
6 154
6 157
6 163
6 178
6 188
6 198
6 200
6 207
6 213
6 216
6 218
6 220
6 227
6 230
6 251
6 252
6 253
6 256
6 261
6 262
6 266
6 269
6 274
6 277
6 289
6 297
6 298
7 32
7 38
7 44
7 67
7 74
7 86
7 113
7 116
7 142
7 153
7 164
7 175
7 193
7 219
7 220
7 223
7 244
7 249
7 252
7 277
7 290
8 54
9 10
9 15
9 31
9 39
9 41
9 57
9 59
9 77
9 88
9 97
9 123
9 128
9 139
9 144
9 150
9 151
9 159
9 183
9 190
9 208
9 237
9 247
9 257
9 260
9 272
10 13
10 16
10 31
10 39
10 41
10 55
10 58
10 66
10 71
10 85
10 96
10 111
10 113
10 128
10 135
10 137
10 141
10 148
10 158
10 162
10 166
10 170
10 173
10 185
10 188
10 205
10 208
10 209
10 215
10 218
10 221
10 231
10 252
10 256
10 268
10 280
10 284
10 287
10 289
11 12
11 16
11 17
11 47
11 67
11 68
11 88
11 106
11 110
11 111
11 113
11 119
11 121
11 143
11 152
11 155
11 156
11 193
11 213
11 229
11 243
11 251
11 252
11 253
11 264
11 266
11 269
11 271
11 274
11 279
11 289
11 295
11 297
12 20
12 35
12 49
12 61
12 64
12 91
12 108
12 111
12 117
12 118
12 122
12 124
12 132
12 133
12 158
12 172
12 173
12 176
12 180
12 186
12 192
12 216
12 217
12 220
12 223
12 230
12 233
12 234
12 235
12 256
12 273
12 275
12 279
12 282
12 289
12 292
12 298
13 15
13 46
13 59
13 73
13 82
13 139
13 147
13 148
13 162
13 196
13 208
13 220
13 223
13 231
13 260
13 284
14 17
14 20
14 23
14 27
14 35
14 47
14 75
14 79
14 83
14 89
14 103
14 108
14 111
14 115
14 118
14 132
14 135
14 155
14 172
14 181
14 192
14 193
14 199
14 201
14 203
14 216
14 220
14 221
14 223
14 225
14 230
14 233
14 234
14 242
14 243
14 259
14 275
14 286
14 288
14 289
14 292
14 298
15 30
15 55
15 66
15 71
15 73
15 111
15 120
15 128
15 137
15 148
15 158
15 162
15 166
15 173
15 184
15 185
15 188
15 208
15 218
15 220
15 221
15 231
15 232
15 247
15 256
15 268
15 284
15 285
15 289
15 293
16 26
16 29
16 49
16 64
16 112
16 118
16 133
16 135
16 142
16 148
16 165
16 166
16 181
16 186
16 242
16 273
16 276
16 282
16 288
16 298
17 22
17 35
17 42
17 67
17 68
17 89
17 103
17 104
17 108
17 109
17 118
17 119
17 132
17 135
17 143
17 152
17 157
17 178
17 180
17 193
17 198
17 199
17 201
17 204
17 207
17 216
17 220
17 225
17 235
17 259
17 261
17 263
17 277
17 282
17 286
17 292
17 298
17 299
18 68
18 111
18 116
18 143
18 179
19 88
19 154
19 178
19 251
20 50
20 60
20 75
20 79
20 103
20 112
20 118
20 132
20 135
20 155
20 160
20 181
20 200
20 204
20 219
20 221
20 242
20 259
20 282
20 286
20 298
21 29
21 69
21 111
21 135
21 162
21 200
21 223
21 245
21 256
21 278
21 289
22 54
22 88
22 113
22 121
22 154
22 229
22 251
22 253
22 271
22 274
23 26
23 29
23 50
23 52
23 57
23 79
23 83
23 85
23 107
23 116
23 117
23 122
23 127
23 142
23 145
23 158
23 180
23 183
23 202
23 204
23 210
23 217
23 219
23 224
23 231
23 232
23 233
23 234
23 242
23 250
23 256
23 259
23 260
23 282
23 288
23 294
23 296
24 26
24 29
24 45
24 75
24 109
24 112
24 117
24 122
24 127
24 181
24 192
24 202
24 204
24 209
24 216
24 233
24 234
24 242
24 282
24 298
25 42
25 78
25 110
25 191
25 198
25 205
25 207
25 251
25 252
25 253
25 262
25 266
25 269
25 271
25 274
25 298
26 35
26 47
26 62
26 88
26 95
26 108
26 110
26 115
26 119
26 121
26 146
26 154
26 155
26 178
26 200
26 205
26 225
26 229
26 230
26 242
26 243
26 251
26 252
26 253
26 261
26 262
26 264
26 266
26 269
26 270
26 274
26 289
26 297
26 299
27 29
27 57
27 67
27 68
27 91
27 99
27 106
27 107
27 132
27 133
27 143
27 152
27 155
27 172
27 174
27 180
27 181
27 193
27 203
27 204
27 209
27 219
27 226
27 231
27 234
27 235
27 275
27 282
27 286
27 295
27 298
27 299
28 44
28 60
28 68
28 88
28 89
28 90
28 95
28 106
28 107
28 110
28 113
28 116
28 121
28 127
28 132
28 143
28 154
28 157
28 158
28 192
28 202
28 213
28 251
28 252
28 262
28 264
28 266
28 269
28 271
28 274
28 277
29 35
29 41
29 69
29 78
29 89
29 90
29 100
29 103
29 108
29 111
29 113
29 121
29 126
29 135
29 176
29 199
29 200
29 201
29 220
29 223
29 229
29 246
29 251
29 252
29 253
29 262
29 266
29 269
29 271
29 274
29 289
29 292
29 297
30 82
30 196
30 220
30 231
30 284
31 57
31 123
31 148
31 158
31 166
31 215
31 221
31 268
31 272
32 67
32 102
32 160
32 193
32 228
32 277
33 84
33 131
33 179
33 193
33 251
33 264
33 266
33 267
33 269
33 271
33 277
34 84
34 131
34 202
34 224
34 267
35 41
35 43
35 47
35 60
35 68
35 69
35 81
35 90
35 91
35 100
35 104
35 110
35 116
35 118
35 119
35 132
35 143
35 144
35 146
35 152
35 156
35 157
35 169
35 172
35 174
35 180
35 183
35 184
35 187
35 189
35 191
35 193
35 203
35 206
35 207
35 209
35 210
35 213
35 214
35 217
35 222
35 234
35 242
35 245
35 246
35 258
35 263
35 270
35 275
35 279
35 283
35 286
35 295
35 298
36 50
36 57
36 79
36 91
36 107
36 109
36 112
36 117
36 118
36 122
36 135
36 158
36 172
36 182
36 204
36 217
36 223
36 231
36 233
36 234
36 235
36 237
36 242
36 250
36 256
36 273
36 275
36 282
36 286
36 288
36 292
37 54
38 67
38 102
38 160
38 193
38 238
38 277
39 41
39 45
39 46
39 51
39 59
39 60
39 73
39 77
39 78
39 80
39 81
39 82
39 83
39 85
39 88
39 97
39 110
39 111
39 113
39 116
39 117
39 119
39 125
39 129
39 135
39 136
39 138
39 141
39 142
39 144
39 146
39 147
39 151
39 154
39 159
39 170
39 174
39 184
39 190
39 196
39 200
39 205
39 209
39 216
39 223
39 225
39 229
39 232
39 236
39 240
39 248
39 251
39 252
39 253
39 254
39 255
39 260
39 261
39 262
39 264
39 266
39 269
39 271
39 272
39 280
39 284
39 285
39 289
39 297
40 43
40 69
40 111
40 135
40 200
40 212
40 220
40 245
40 253
40 278
40 289
40 292
41 44
41 73
41 82
41 85
41 88
41 108
41 118
41 125
41 128
41 154
41 178
41 196
41 220
41 223
41 255
41 268
41 284
41 287
41 292
42 45
42 50
42 55
42 57
42 83
42 109
42 112
42 117
42 122
42 124
42 127
42 133
42 144
42 145
42 155
42 156
42 158
42 160
42 162
42 163
42 173
42 181
42 183
42 184
42 185
42 186
42 188
42 192
42 202
42 208
42 209
42 216
42 217
42 218
42 221
42 227
42 233
42 236
42 240
42 256
42 273
42 275
42 295
42 296
43 92
43 100
43 108
43 111
43 135
43 189
43 200
43 212
43 214
43 220
43 223
43 241
43 253
43 258
43 283
43 289
43 292
43 298
44 52
44 53
44 67
44 70
44 74
44 94
44 102
44 106
44 113
44 116
44 153
44 154
44 160
44 193
44 200
44 210
44 213
44 216
44 228
44 238
44 252
44 253
44 274
44 276
44 277
44 297
45 68
45 88
45 116
45 130
45 137
45 143
45 151
45 152
45 178
45 193
45 198
45 205
45 208
45 209
45 251
45 256
45 264
45 271
45 272
45 297
46 66
46 85
46 96
46 120
46 123
46 128
46 137
46 148
46 158
46 163
46 166
46 208
46 218
46 231
46 255
46 284
46 287
47 49
47 61
47 64
47 104
47 108
47 109
47 112
47 118
47 132
47 135
47 158
47 166
47 176
47 188
47 191
47 207
47 210
47 216
47 218
47 219
47 220
47 223
47 233
47 242
47 259
47 263
47 272
47 273
47 286
47 289
47 292
48 68
48 90
48 113
48 118
48 143
48 179
48 191
48 200
48 205
48 207
48 213
48 251
48 266
49 67
49 68
49 88
49 106
49 110
49 111
49 113
49 119
49 121
49 143
49 152
49 154
49 155
49 156
49 213
49 229
49 243
49 251
49 252
49 253
49 264
49 266
49 274
49 279
49 289
49 295
50 58
50 62
50 65
50 67
50 76
50 78
50 80
50 90
50 95
50 110
50 111
50 113
50 115
50 116
50 119
50 132
50 135
50 157
50 176
50 198
50 200
50 202
50 204
50 205
50 209
50 213
50 216
50 223
50 229
50 230
50 234
50 251
50 252
50 261
50 262
50 264
50 266
50 271
50 274
50 275
50 289
50 292
50 297
50 298
51 254
52 67
52 70
52 78
52 153
52 164
52 193
52 228
52 274
52 277
53 67
53 76
53 102
53 104
53 116
53 127
53 132
53 135
53 203
53 223
53 228
53 264
53 273
53 277
53 292
53 297
53 298
54 165
55 81
55 88
55 111
55 118
55 123
55 125
55 127
55 137
55 138
55 148
55 152
55 157
55 159
55 198
55 207
55 208
55 223
55 257
55 260
55 262
55 266
55 289
55 293
55 295
56 62
56 111
56 135
56 289
57 62
57 68
57 78
57 90
57 107
57 110
57 111
57 115
57 118
57 119
57 122
57 127
57 128
57 137
57 143
57 148
57 154
57 166
57 176
57 178
57 198
57 200
57 205
57 209
57 215
57 220
57 223
57 229
57 230
57 231
57 251
57 252
57 253
57 255
57 260
57 261
57 262
57 266
57 270
57 271
57 274
57 289
57 292
57 297
57 299
58 111
58 135
58 200
58 220
58 223
58 289
58 292
59 71
59 96
59 120
59 128
59 137
59 148
59 158
59 162
59 163
59 166
59 208
59 215
59 221
59 231
59 256
59 268
59 280
60 65
60 67
60 79
60 86
60 103
60 106
60 108
60 109
60 115
60 127
60 135
60 146
60 152
60 155
60 156
60 169
60 172
60 176
60 180
60 193
60 199
60 201
60 223
60 230
60 237
60 259
60 263
60 277
60 279
60 286
60 292
60 295
61 88
61 119
61 121
61 154
61 229
61 243
61 251
61 252
61 253
61 264
61 271
61 274
62 66
62 79
62 91
62 107
62 112
62 118
62 122
62 133
62 158
62 172
62 182
62 193
62 203
62 204
62 223
62 231
62 234
62 235
62 237
62 242
62 263
62 273
62 275
62 281
62 282
62 286
62 288
62 292
63 225
64 67
64 68
64 88
64 110
64 111
64 113
64 119
64 121
64 143
64 152
64 155
64 156
64 192
64 213
64 229
64 243
64 251
64 252
64 253
64 264
64 266
64 269
64 274
64 289
64 297
65 107
65 200
65 213
65 244
65 298
66 68
66 77
66 82
66 118
66 123
66 125
66 127
66 143
66 146
66 152
66 153
66 154
66 159
66 177
66 193
66 211
66 215
66 229
66 248
66 254
66 255
66 260
66 272
66 289
66 297
67 70
67 74
67 86
67 89
67 94
67 102
67 112
67 116
67 122
67 127
67 140
67 146
67 153
67 155
67 158
67 160
67 162
67 164
67 166
67 168
67 175
67 176
67 192
67 194
67 209
67 211
67 215
67 217
67 219
67 221
67 227
67 228
67 238
67 242
67 243
67 244
67 249
67 256
67 261
67 263
67 273
67 276
67 286
67 290
68 80
68 85
68 91
68 107
68 108
68 112
68 119
68 127
68 142
68 153
68 158
68 160
68 172
68 180
68 203
68 209
68 219
68 223
68 233
68 234
68 259
68 275
68 282
68 288
68 292
68 298
69 92
69 108
69 111
69 135
69 189
69 200
69 212
69 220
69 223
69 241
69 258
69 283
69 289
69 292
70 86
70 160
70 164
70 175
70 277
70 290
71 73
71 82
71 111
71 123
71 147
71 151
71 159
71 170
71 190
71 215
71 222
71 231
71 255
71 257
71 272
71 289
72 76
72 297
73 85
73 96
73 120
73 123
73 128
73 137
73 145
73 148
73 163
73 166
73 170
73 188
73 205
73 208
73 217
73 218
73 221
73 223
73 231
73 232
73 247
73 255
73 256
73 287
73 296
74 106
74 113
74 118
74 121
74 122
74 127
74 140
74 153
74 164
74 175
74 193
74 200
74 202
74 211
74 244
74 277
74 292
74 297
74 298
75 78
75 118
75 122
75 146
75 152
75 154
75 156
75 169
75 193
75 207
75 226
75 264
75 277
75 286
75 295
75 297
76 94
76 110
76 111
76 132
76 191
76 200
76 216
76 219
76 274
76 277
76 289
76 300
77 128
77 137
77 148
77 158
77 163
77 166
77 170
77 208
77 209
77 221
77 231
77 256
77 268
77 284
78 79
78 83
78 106
78 107
78 122
78 126
78 127
78 133
78 148
78 160
78 162
78 174
78 180
78 181
78 183
78 184
78 188
78 192
78 204
78 209
78 218
78 219
78 235
78 237
78 242
78 245
78 246
78 247
78 250
78 256
78 260
78 275
78 282
78 288
79 90
79 95
79 113
79 154
79 210
79 225
79 226
79 242
79 251
79 261
79 264
79 266
79 270
79 274
79 277
79 279
79 297
79 299
80 82
80 143
80 151
80 159
80 166
80 196
80 205
80 216
80 272
81 82
81 91
81 108
81 135
81 142
81 158
81 181
81 192
81 209
81 216
81 217
81 220
81 223
81 233
81 234
81 237
81 246
81 256
81 259
81 279
81 286
81 288
81 292
82 85
82 96
82 111
82 113
82 128
82 135
82 137
82 141
82 148
82 158
82 162
82 163
82 166
82 170
82 174
82 188
82 200
82 205
82 208
82 209
82 218
82 221
82 222
82 231
82 232
82 237
82 247
82 248
82 250
82 254
82 256
82 262
82 280
82 284
82 292
82 293
83 88
83 110
83 111
83 113
83 128
83 137
83 148
83 154
83 178
83 198
83 200
83 208
83 215
83 221
83 223
83 231
83 251
83 253
83 261
83 262
83 264
83 266
83 268
83 269
83 271
83 284
83 289
83 297
84 99
84 101
84 130
85 111
85 123
85 125
85 128
85 137
85 143
85 146
85 153
85 154
85 156
85 157
85 177
85 208
85 260
85 271
85 274
85 289
85 293
85 297
86 88
86 164
86 193
86 225
86 238
86 274
86 277
87 135
87 187
87 206
87 223
87 292
88 99
88 106
88 107
88 109
88 112
88 117
88 122
88 127
88 133
88 135
88 136
88 137
88 145
88 158
88 160
88 163
88 165
88 166
88 173
88 181
88 183
88 186
88 192
88 195
88 204
88 208
88 216
88 217
88 221
88 223
88 233
88 237
88 242
88 250
88 256
88 259
88 272
88 282
88 288
88 294
88 296
89 91
89 122
89 124
89 125
89 127
89 135
89 144
89 145
89 155
89 163
89 174
89 176
89 180
89 181
89 193
89 204
89 208
89 209
89 215
89 221
89 232
89 233
89 237
89 247
89 256
89 259
89 273
89 275
89 279
89 289
89 295
89 296
90 106
90 107
90 108
90 109
90 112
90 117
90 122
90 127
90 133
90 145
90 155
90 183
90 186
90 192
90 202
90 216
90 217
90 219
90 221
90 226
90 231
90 233
90 256
90 259
90 263
90 268
90 275
90 288
90 295
91 103
91 106
91 108
91 109
91 111
91 115
91 118
91 132
91 135
91 143
91 146
91 176
91 181
91 191
91 193
91 199
91 201
91 210
91 216
91 223
91 225
91 230
91 242
91 243
91 259
91 263
91 264
91 277
91 282
91 286
91 288
91 289
91 292
91 294
91 295
91 298
92 100
92 126
92 222
92 239
92 241
92 278
93 115
93 176
93 191
93 213
93 230
93 271
94 102
94 104
94 116
94 127
94 132
94 135
94 203
94 223
94 228
94 264
94 273
94 277
94 292
94 298
95 106
95 109
95 122
95 135
95 158
95 160
95 172
95 184
95 191
95 192
95 193
95 195
95 215
95 217
95 233
95 242
95 259
95 282
95 286
95 288
95 294
96 147
96 148
96 162
96 196
96 208
96 231
96 260
96 284
97 116
97 118
97 128
97 137
97 148
97 166
97 178
97 208
97 215
97 231
97 268
97 284
97 297
99 110
99 154
99 179
99 224
99 266
99 269
99 271
100 108
100 111
100 126
100 135
100 145
100 174
100 187
100 190
100 200
100 206
100 220
100 223
100 241
100 289
100 292
101 131
101 224
102 175
102 228
102 249
103 111
103 116
103 118
103 119
103 132
103 135
103 152
103 155
103 156
103 169
103 172
103 178
103 180
103 192
103 203
103 216
103 217
103 220
103 223
103 226
103 230
103 233
103 234
103 243
103 263
103 275
103 279
103 286
103 289
103 292
103 295
103 298
104 108
104 115
104 118
104 132
104 135
104 146
104 152
104 155
104 157
104 172
104 181
104 192
104 195
104 200
104 203
104 209
104 214
104 216
104 217
104 219
104 220
104 223
104 230
104 233
104 234
104 259
104 263
104 269
104 275
104 276
104 279
104 286
104 292
106 107
106 110
106 111
106 113
106 116
106 118
106 121
106 127
106 132
106 135
106 154
106 165
106 193
106 200
106 203
106 213
106 214
106 216
106 219
106 223
106 227
106 229
106 251
106 252
106 253
106 266
106 269
106 271
106 274
106 289
107 110
107 111
107 118
107 121
107 127
107 135
107 143
107 146
107 153
107 154
107 157
107 169
107 182
107 188
107 200
107 205
107 213
107 216
107 218
107 223
107 225
107 226
107 229
107 251
107 252
107 253
107 261
107 262
107 264
107 266
107 269
107 271
107 274
107 277
107 288
107 289
107 292
107 297
108 110
108 116
108 118
108 119
108 132
108 143
108 144
108 146
108 152
108 156
108 157
108 169
108 172
108 174
108 180
108 183
108 184
108 187
108 189
108 191
108 193
108 203
108 206
108 207
108 209
108 210
108 213
108 214
108 217
108 222
108 234
108 242
108 245
108 246
108 258
108 263
108 270
108 275
108 279
108 283
108 286
108 295
108 298
109 110
109 111
109 113
109 121
109 154
109 157
109 198
109 200
109 205
109 213
109 229
109 251
109 252
109 253
109 259
109 261
109 262
109 264
109 266
109 269
109 270
109 271
109 274
109 275
110 117
110 122
110 127
110 133
110 145
110 155
110 158
110 160
110 162
110 163
110 165
110 181
110 184
110 186
110 188
110 192
110 193
110 195
110 202
110 204
110 208
110 209
110 215
110 217
110 218
110 220
110 221
110 227
110 233
110 237
110 250
110 256
110 268
110 273
110 281
110 282
110 288
110 293
110 294
111 112
111 117
111 119
111 122
111 127
111 134
111 137
111 142
111 144
111 145
111 147
111 148
111 151
111 152
111 155
111 158
111 159
111 162
111 163
111 166
111 172
111 174
111 180
111 184
111 185
111 187
111 188
111 189
111 191
111 193
111 199
111 201
111 202
111 208
111 210
111 212
111 214
111 215
111 216
111 217
111 218
111 221
111 222
111 227
111 231
111 232
111 245
111 246
111 250
111 256
111 258
111 263
111 268
111 272
111 273
111 275
111 276
111 278
111 279
111 283
111 284
111 286
111 295
111 296
112 113
112 121
112 122
112 140
112 143
112 152
112 154
112 169
112 193
112 198
112 200
112 202
112 205
112 213
112 219
112 220
112 223
112 225
112 226
112 251
112 262
112 264
112 269
112 271
112 274
112 276
112 277
112 288
112 289
112 292
112 297
112 299
113 117
113 122
113 127
113 133
113 148
113 158
113 160
113 162
113 163
113 166
113 173
113 181
113 186
113 202
113 204
113 208
113 209
113 215
113 217
113 231
113 233
113 235
113 237
113 242
113 246
113 260
113 273
113 281
113 282
113 288
115 116
115 118
115 122
115 132
115 142
115 146
115 180
115 203
115 204
115 207
115 209
115 210
115 220
115 223
115 233
115 272
115 273
115 282
115 286
116 127
116 142
116 155
116 156
116 175
116 179
116 184
116 185
116 193
116 195
116 216
116 223
116 226
116 230
116 234
116 244
116 259
116 263
116 273
116 275
116 279
116 281
116 282
116 288
116 292
116 295
117 122
117 128
117 137
117 148
117 154
117 178
117 198
117 200
117 205
117 208
117 209
117 214
117 215
117 220
117 223
117 231
117 245
117 251
117 252
117 261
117 262
117 266
117 268
117 269
117 284
117 289
117 292
117 297
118 119
118 122
118 127
118 140
118 144
118 146
118 152
118 153
118 155
118 156
118 158
118 162
118 180
118 183
118 184
118 186
118 188
118 191
118 192
118 199
118 201
118 202
118 209
118 210
118 216
118 217
118 218
118 220
118 221
118 223
118 225
118 226
118 227
118 230
118 234
118 243
118 256
118 263
118 270
118 275
118 279
118 286
118 288
118 292
118 295
118 299
119 132
119 143
119 146
119 155
119 158
119 162
119 165
119 173
119 186
119 188
119 192
119 193
119 199
119 203
119 204
119 209
119 216
119 218
119 220
119 221
119 223
119 225
119 233
119 234
119 235
119 256
119 268
119 273
119 277
119 281
119 288
119 289
119 293
120 137
120 147
120 148
120 166
120 188
120 196
120 218
120 221
120 231
120 260
120 284
120 293
121 122
121 124
121 127
121 133
121 135
121 145
121 148
121 163
121 165
121 181
121 186
121 202
121 204
121 215
121 216
121 217
121 219
121 221
121 233
121 235
121 242
121 273
121 282
121 288
121 294
122 127
122 132
122 146
122 153
122 154
122 156
122 157
122 162
122 173
122 192
122 193
122 198
122 200
122 202
122 205
122 207
122 213
122 214
122 221
122 225
122 250
122 251
122 252
122 253
122 261
122 264
122 266
122 269
122 270
122 271
122 274
122 286
122 289
122 292
122 295
122 298
123 137
123 147
123 148
123 158
123 162
123 166
123 173
123 185
123 196
123 221
123 231
123 232
123 256
123 284
124 198
124 199
124 201
124 207
124 252
124 262
124 264
124 274
124 297
125 128
125 137
125 148
125 158
125 166
125 185
125 208
125 215
125 221
125 231
125 268
125 284
125 297
126 135
126 200
126 206
126 223
126 292
127 140
127 143
127 145
127 146
127 153
127 154
127 157
127 172
127 178
127 191
127 193
127 198
127 200
127 202
127 203
127 207
127 209
127 213
127 225
127 229
127 251
127 252
127 253
127 256
127 262
127 264
127 266
127 268
127 269
127 271
127 274
127 277
127 289
127 297
127 298
128 135
128 138
128 144
128 147
128 151
128 159
128 174
128 183
128 184
128 188
128 190
128 196
128 215
128 220
128 223
128 232
128 237
128 247
128 250
128 251
128 256
128 257
128 260
128 268
128 271
128 272
128 274
128 285
128 293
128 296
130 171
130 179
130 224
130 267
132 142
132 146
132 152
132 155
132 157
132 169
132 172
132 178
132 180
132 191
132 193
132 199
132 201
132 203
132 207
132 210
132 220
132 225
132 226
132 227
132 230
132 234
132 245
132 261
132 270
132 273
132 275
132 286
132 292
132 295
133 154
133 157
133 186
133 198
133 200
133 203
133 205
133 229
133 243
133 251
133 252
133 253
133 262
133 264
133 266
133 269
133 271
133 274
133 298
134 135
134 289
134 298
135 137
135 142
135 145
135 146
135 147
135 155
135 158
135 159
135 162
135 170
135 172
135 173
135 174
135 178
135 180
135 187
135 188
135 189
135 191
135 193
135 199
135 201
135 203
135 206
135 208
135 210
135 212
135 214
135 217
135 218
135 222
135 225
135 226
135 230
135 234
135 243
135 245
135 246
135 247
135 250
135 256
135 258
135 263
135 268
135 270
135 275
135 278
135 279
135 283
135 286
135 295
136 178
136 251
136 289
137 138
137 144
137 145
137 147
137 151
137 159
137 170
137 183
137 184
137 185
137 190
137 196
137 205
137 217
137 222
137 225
137 237
137 247
137 250
137 254
137 255
137 257
137 260
137 267
137 272
137 280
137 285
137 287
137 289
137 296
138 148
138 166
138 185
138 208
138 215
138 268
138 284
139 148
139 154
139 166
139 215
139 220
139 223
139 231
139 252
139 261
139 284
140 192
140 193
140 194
140 211
140 219
140 276
141 151
141 159
141 162
142 143
142 162
142 176
142 179
142 191
142 196
142 205
142 208
142 216
142 223
142 225
142 230
142 248
142 251
142 252
142 253
142 254
142 256
142 266
142 267
142 269
142 271
142 289
143 153
143 158
143 160
143 172
143 180
143 202
143 203
143 209
143 223
143 233
143 234
143 259
143 275
143 282
143 288
143 292
143 298
144 148
144 154
144 166
144 174
144 178
144 198
144 200
144 208
144 209
144 215
144 220
144 223
144 245
144 248
144 254
144 266
144 268
144 284
144 292
145 147
145 154
145 178
145 198
145 200
145 208
145 220
145 223
145 229
145 260
145 261
145 262
145 264
145 269
145 271
145 272
145 274
145 284
145 289
145 292
145 297
146 152
146 153
146 155
146 160
146 172
146 176
146 178
146 180
146 193
146 210
146 213
146 215
146 216
146 219
146 221
146 233
146 243
146 256
146 263
146 275
146 279
146 286
146 288
146 292
146 295
147 148
147 158
147 162
147 163
147 166
147 170
147 173
147 183
147 188
147 200
147 205
147 208
147 215
147 218
147 223
147 231
147 250
147 255
147 256
147 268
147 284
147 285
147 287
148 150
148 151
148 154
148 159
148 170
148 173
148 183
148 184
148 185
148 190
148 196
148 200
148 205
148 225
148 232
148 237
148 247
148 250
148 252
148 255
148 257
148 260
148 262
148 272
148 285
148 289
148 293
148 296
150 154
150 215
150 223
150 231
150 252
150 261
150 269
150 284
151 158
151 163
151 166
151 170
151 173
151 205
151 208
151 215
151 221
151 223
151 225
151 231
151 248
151 256
151 268
151 280
151 284
151 289
152 153
152 158
152 162
152 166
152 173
152 185
152 191
152 192
152 193
152 199
152 200
152 201
152 203
152 204
152 216
152 220
152 221
152 223
152 225
152 234
152 242
152 256
152 268
152 288
152 292
152 298
153 157
153 164
153 192
153 193
153 194
153 211
153 219
153 228
153 253
153 271
153 276
153 277
153 299
154 158
154 165
154 181
154 183
154 184
154 186
154 188
154 193
154 204
154 216
154 217
154 218
154 221
154 223
154 231
154 233
154 237
154 242
154 245
154 250
154 256
154 259
154 273
154 281
154 282
154 288
154 294
155 172
155 178
155 180
155 181
155 191
155 193
155 198
155 199
155 200
155 201
155 207
155 210
155 216
155 223
155 230
155 233
155 234
155 242
155 252
155 253
155 263
155 266
155 277
155 289
155 292
155 298
156 158
156 162
156 163
156 172
156 178
156 191
156 198
156 200
156 202
156 203
156 204
156 207
156 210
156 220
156 221
156 225
156 242
156 259
156 288
156 292
156 298
157 158
157 162
157 163
157 185
157 186
157 193
157 203
157 210
157 220
157 233
157 256
157 259
157 282
157 288
157 292
157 294
157 298
158 159
158 170
158 179
158 190
158 196
158 198
158 200
158 207
158 209
158 213
158 229
158 248
158 253
158 254
158 255
158 257
158 260
158 262
158 264
158 269
158 271
158 272
158 280
158 285
158 287
158 289
158 297
158 298
158 299
159 162
159 163
159 166
159 170
159 173
159 182
159 188
159 205
159 208
159 218
159 221
159 231
159 248
159 256
159 268
159 280
159 284
159 289
159 293
160 164
160 169
160 175
160 191
160 193
160 198
160 205
160 207
160 229
160 244
160 249
160 252
160 253
160 264
160 271
160 274
160 277
160 299
161 179
161 225
161 232
161 271
162 170
162 172
162 176
162 190
162 193
162 196
162 198
162 222
162 223
162 229
162 248
162 253
162 254
162 255
162 257
162 260
162 262
162 266
162 272
162 274
162 285
162 287
162 289
162 297
163 172
163 178
163 196
163 198
163 200
163 205
163 229
163 253
163 255
163 260
163 262
163 264
163 266
163 269
163 270
163 271
163 272
163 280
163 284
163 285
163 287
163 289
163 297
164 193
165 229
165 243
165 251
165 252
165 253
165 271
165 274
165 279
165 295
166 170
166 190
166 196
166 200
166 205
166 209
166 213
166 225
166 237
166 248
166 255
166 257
166 260
166 262
166 272
166 285
166 287
166 289
166 297
168 192
168 194
168 276
168 277
169 172
169 180
169 181
169 201
169 207
169 219
169 220
169 242
169 259
169 281
169 288
169 298
170 173
170 190
170 196
170 200
170 205
170 208
170 215
170 221
170 231
170 256
170 260
170 266
170 268
170 269
170 271
170 272
171 209
171 225
172 176
172 199
172 201
172 204
172 207
172 210
172 216
172 220
172 223
172 225
172 226
172 227
172 243
172 256
172 263
172 270
172 273
172 276
172 279
172 282
172 286
172 289
172 292
172 295
172 298
173 190
173 198
173 207
173 223
173 229
173 257
173 260
173 262
173 264
173 272
173 282
173 286
173 297
174 183
174 184
174 188
174 200
174 207
174 208
174 218
174 220
174 223
174 231
174 237
174 247
174 250
174 251
174 252
174 256
174 274
174 276
174 289
174 292
174 296
175 178
175 193
175 194
175 228
175 274
175 276
175 277
175 297
176 193
176 203
176 209
176 216
176 221
176 223
176 264
176 268
176 298
176 299
178 192
178 199
178 200
178 201
178 208
178 214
178 216
178 217
178 221
178 223
178 225
178 233
178 234
178 243
178 256
178 259
178 263
178 275
178 282
178 295
179 209
180 186
180 193
180 199
180 200
180 201
180 207
180 216
180 220
180 223
180 225
180 226
180 230
180 234
180 263
180 270
180 277
180 286
180 288
180 289
180 292
180 298
181 191
181 198
181 203
181 205
181 210
181 213
181 226
181 229
181 251
181 252
181 253
181 259
181 262
181 263
181 264
181 266
181 269
181 270
181 271
181 274
181 275
181 295
181 297
181 299
182 221
182 231
182 298
183 198
183 215
183 220
183 223
183 231
183 261
183 284
183 286
184 198
184 200
184 205
184 215
184 223
184 271
184 284
184 289
184 292
185 198
185 207
185 223
185 259
185 262
186 198
186 200
186 203
186 213
186 229
186 233
186 243
186 251
186 252
186 253
186 262
186 264
186 266
186 269
186 271
186 274
186 281
186 297
186 298
187 200
187 212
187 214
187 219
187 220
187 223
187 289
187 292
188 196
188 198
188 200
188 205
188 209
188 214
188 229
188 245
188 246
188 251
188 252
188 253
188 255
188 260
188 266
188 270
188 272
188 274
188 287
188 289
188 292
189 200
189 212
189 214
189 220
189 223
189 253
189 278
189 289
189 292
190 205
190 208
190 209
190 215
190 221
190 223
190 231
190 232
190 256
190 268
190 280
190 284
191 193
191 209
191 216
191 220
191 226
191 243
191 263
191 275
191 286
191 289
191 292
191 295
192 193
192 198
192 199
192 200
192 201
192 202
192 207
192 211
192 214
192 228
192 229
192 262
192 263
192 266
192 271
192 274
192 277
192 286
192 292
192 297
193 194
193 202
193 203
193 210
193 211
193 213
193 216
193 219
193 220
193 223
193 226
193 228
193 234
193 243
193 244
193 249
193 251
193 261
193 263
193 269
193 271
193 275
193 276
193 286
193 289
193 290
193 298
194 200
194 211
194 244
194 262
194 277
194 292
194 297
195 229
195 288
195 291
195 297
196 205
196 208
196 209
196 218
196 221
196 223
196 225
196 231
196 232
196 248
196 250
196 254
196 256
196 284
196 293
198 202
198 208
198 209
198 216
198 217
198 218
198 221
198 227
198 233
198 236
198 240
198 256
198 273
198 275
198 295
198 296
199 203
199 217
199 219
199 220
199 223
199 233
199 234
199 263
199 275
199 279
199 282
199 286
199 289
199 292
199 295
199 298
200 209
200 210
200 214
200 215
200 217
200 218
200 219
200 222
200 226
200 231
200 237
200 245
200 246
200 248
200 250
200 256
200 258
200 263
200 272
200 273
200 275
200 278
200 283
200 295
200 296
200 299
201 203
201 217
201 219
201 220
201 223
201 233
201 234
201 263
201 273
201 275
201 282
201 286
201 292
201 295
201 298
202 207
202 225
202 251
202 262
202 264
202 266
202 269
202 277
202 279
202 289
202 292
202 297
202 299
203 216
203 220
203 223
203 225
203 230
203 242
203 243
203 259
203 263
203 270
203 275
203 277
203 279
203 282
203 286
203 289
203 292
203 295
203 298
204 229
204 230
204 233
204 251
204 253
204 266
204 269
204 270
204 271
204 274
204 292
205 208
205 209
205 218
205 231
205 233
205 235
205 242
205 246
205 250
205 272
205 273
205 288
206 212
206 214
206 220
206 223
206 245
206 292
207 209
207 213
207 214
207 216
207 221
207 225
207 226
207 230
207 231
207 233
207 234
207 256
207 273
207 275
207 276
207 279
207 295
208 209
208 216
208 220
208 229
208 248
208 250
208 251
208 252
208 253
208 254
208 255
208 257
208 260
208 262
208 264
208 266
208 269
208 271
208 272
208 274
208 285
208 286
208 289
208 292
208 297
209 210
209 213
209 218
209 220
209 222
209 225
209 229
209 230
209 243
209 250
209 251
209 252
209 253
209 254
209 255
209 256
209 262
209 264
209 267
209 271
209 272
209 274
209 285
209 287
209 289
209 297
209 298
210 216
210 221
210 223
210 230
210 233
210 234
210 237
210 263
210 279
210 286
210 289
210 292
211 219
211 276
212 258
212 278
212 283
212 289
212 292
213 220
213 223
213 233
213 242
213 259
213 273
213 282
213 286
213 292
213 294
214 218
214 220
214 222
214 223
214 237
214 246
214 247
214 258
214 265
214 278
214 283
214 289
214 292
215 217
215 231
215 237
215 252
215 253
215 256
215 257
215 260
215 266
215 271
215 274
215 280
215 284
215 289
215 292
215 293
215 297
216 220
216 226
216 228
216 234
216 243
216 261
216 263
216 275
216 286
216 289
216 297
216 300
217 220
217 223
217 229
217 231
217 251
217 252
217 262
217 264
217 266
217 268
217 269
217 271
217 284
217 289
217 297
217 299
218 220
218 229
218 245
218 246
218 251
218 252
218 253
218 255
218 260
218 266
218 270
218 272
218 274
218 287
218 289
218 292
218 295
219 223
219 228
219 229
219 244
219 251
219 260
219 266
219 274
219 277
219 289
219 292
219 297
220 221
220 229
220 230
220 232
220 234
220 237
220 242
220 243
220 245
220 246
220 250
220 258
220 263
220 270
220 275
220 279
220 282
220 283
220 286
220 295
220 296
220 298
221 223
221 229
221 232
221 248
221 252
221 253
221 254
221 257
221 260
221 261
221 264
221 266
221 270
221 271
221 272
221 273
221 274
221 280
221 285
221 289
221 295
221 297
221 298
221 299
222 223
222 225
222 245
222 246
222 289
222 292
223 225
223 226
223 229
223 230
223 231
223 234
223 243
223 245
223 246
223 256
223 263
223 268
223 275
223 276
223 278
223 279
223 283
223 285
223 286
223 294
223 295
223 296
225 233
225 242
225 243
225 255
225 256
225 263
225 272
225 275
225 279
225 292
225 295
226 230
226 234
226 242
226 243
226 259
226 263
226 266
226 269
226 275
226 279
226 288
226 292
226 294
226 298
227 261
227 273
227 289
228 244
228 277
228 290
229 242
229 246
229 247
229 250
229 256
229 259
229 273
229 281
229 288
229 294
230 272
230 273
230 282
230 286
231 232
231 251
231 255
231 257
231 260
231 262
231 264
231 266
231 269
231 271
231 272
231 285
231 287
231 289
231 297
231 298
232 253
232 257
232 272
232 289
232 297
233 234
233 251
233 252
233 253
233 261
233 262
233 264
233 266
233 269
233 271
233 274
233 277
233 297
233 299
234 242
234 263
234 270
234 277
234 286
234 289
234 292
234 295
234 298
235 251
235 252
235 253
235 262
235 264
235 266
235 270
235 271
235 274
237 245
237 254
237 255
237 262
237 268
237 284
237 287
237 297
238 249
240 264
242 251
242 252
242 253
242 259
242 261
242 262
242 263
242 264
242 266
242 269
242 271
242 274
242 277
242 279
242 282
242 286
242 297
242 299
243 273
243 288
243 292
243 294
244 277
245 246
245 247
245 265
245 278
245 289
245 292
246 251
246 289
246 292
247 255
247 264
248 254
248 255
248 268
248 272
248 285
249 277
250 251
250 260
250 261
250 266
250 269
250 271
250 284
250 289
250 292
250 297
251 259
251 273
251 282
251 288
251 294
252 268
252 273
252 281
252 282
252 288
253 258
253 268
253 273
253 281
253 282
253 283
253 288
254 255
254 268
254 272
254 287
255 256
255 280
255 284
256 262
256 264
256 266
256 269
256 271
256 272
256 287
256 289
256 297
256 298
256 299
257 268
257 284
258 278
258 289
258 292
259 262
259 264
259 270
259 271
259 275
259 282
259 295
259 297
259 299
260 268
260 284
260 293
260 296
261 268
261 288
261 294
262 273
262 275
262 282
262 288
262 296
263 275
263 279
263 289
263 292
263 298
264 268
264 273
264 275
264 281
264 286
264 288
266 268
266 273
266 282
266 288
266 294
267 272
268 271
268 272
268 273
268 274
268 280
268 286
268 289
268 292
268 297
268 298
269 273
269 282
269 288
269 296
270 281
270 282
270 286
270 288
270 292
270 294
270 298
271 273
271 282
271 288
271 294
272 280
272 284
272 289
272 293
272 297
273 274
273 277
273 289
273 297
273 298
273 299
274 276
274 281
274 282
274 288
274 294
275 277
275 282
275 286
275 289
275 292
275 294
275 297
275 298
276 277
276 289
276 292
277 286
277 288
277 290
277 295
278 283
278 289
278 292
279 282
279 286
279 288
279 292
279 294
279 298
280 287
281 288
283 289
283 292
284 287
284 296
284 297
286 288
286 292
286 298
288 294
288 295
288 297
289 295
289 296
292 295
292 296
292 299
294 299
295 298
