heur050_n_300_m_19207
1 43
1 48
1 50
1 54
1 60
1 62
1 84
1 89
1 90
1 91
1 92
1 93
1 95
1 97
1 98
1 99
1 101
1 102
1 103
1 104
1 106
1 108
1 109
1 110
1 112
1 114
1 115
1 116
1 122
1 123
1 125
1 128
1 129
1 130
1 131
1 132
1 137
1 141
1 148
1 149
1 150
1 151
1 152
1 156
1 158
1 159
1 160
1 161
1 164
1 165
1 168
1 172
1 173
1 177
1 181
1 185
1 187
1 189
1 192
1 195
1 198
1 199
1 200
1 228
1 229
1 246
1 247
1 248
1 249
1 251
1 252
1 253
1 254
1 255
1 256
1 257
1 258
1 259
1 261
1 262
1 263
1 264
1 265
1 266
1 268
1 270
1 271
1 272
1 273
1 274
1 275
1 276
1 277
1 278
1 279
1 280
1 282
1 290
1 293
1 295
1 296
2 47
2 53
2 54
2 56
2 60
2 62
2 64
2 66
2 68
2 81
2 84
2 88
2 90
2 92
2 95
2 97
2 98
2 99
2 101
2 102
2 104
2 106
2 110
2 115
2 125
2 126
2 127
2 128
2 129
2 130
2 131
2 132
2 135
2 139
2 141
2 144
2 148
2 149
2 150
2 152
2 153
2 154
2 156
2 158
2 159
2 160
2 161
2 162
2 163
2 164
2 167
2 168
2 170
2 173
2 175
2 176
2 181
2 182
2 185
2 187
2 188
2 191
2 192
2 194
2 198
2 199
2 202
2 203
2 209
2 210
2 211
2 212
2 213
2 214
2 215
2 217
2 218
2 219
2 223
2 225
2 226
2 227
2 228
2 231
2 233
2 234
2 236
2 239
2 240
2 243
2 246
2 247
2 248
2 249
2 250
2 251
2 252
2 253
2 255
2 256
2 257
2 259
2 261
2 262
2 263
2 264
2 266
2 267
2 268
2 269
2 270
2 271
2 272
2 273
2 275
2 276
2 277
2 280
2 293
2 295
2 296
3 43
3 44
3 46
3 48
3 61
3 76
3 80
3 90
3 91
3 93
3 94
3 95
3 96
3 98
3 99
3 100
3 101
3 102
3 104
3 107
3 108
3 110
3 111
3 112
3 113
3 115
3 116
3 122
3 125
3 126
3 127
3 128
3 129
3 130
3 131
3 132
3 139
3 143
3 150
3 162
3 167
3 171
3 172
3 173
3 175
3 180
3 181
3 182
3 188
3 191
3 199
3 203
3 204
3 205
3 206
3 207
3 209
3 210
3 211
3 212
3 214
3 215
3 217
3 218
3 219
3 220
3 221
3 222
3 230
3 231
3 234
3 236
3 237
3 238
3 240
3 241
3 244
3 247
3 249
3 254
3 256
3 259
3 264
3 267
3 270
3 275
3 276
3 277
3 282
3 290
3 293
3 295
3 296
4 43
4 46
4 57
4 60
4 61
4 63
4 76
4 80
4 84
4 89
4 90
4 91
4 96
4 97
4 99
4 101
4 102
4 104
4 106
4 111
4 114
4 115
4 123
4 127
4 129
4 132
4 133
4 144
4 145
4 146
4 147
4 149
4 155
4 156
4 158
4 160
4 164
4 165
4 167
4 173
4 176
4 177
4 179
4 182
4 187
4 188
4 192
4 193
4 195
4 198
4 199
4 200
4 204
4 207
4 211
4 215
4 218
4 227
4 228
4 229
4 238
4 247
4 249
4 250
4 251
4 252
4 253
4 256
4 264
4 266
4 267
4 268
4 272
4 275
4 277
4 282
4 285
4 293
4 295
4 296
4 298
5 43
5 44
5 45
5 46
5 47
5 50
5 51
5 52
5 53
5 54
5 55
5 57
5 58
5 60
5 62
5 63
5 64
5 65
5 66
5 69
5 70
5 72
5 73
5 74
5 75
5 76
5 77
5 79
5 80
5 83
5 84
5 85
5 86
5 87
5 88
5 89
5 90
5 92
5 93
5 95
5 96
5 97
5 98
5 99
5 100
5 101
5 102
5 103
5 104
5 106
5 107
5 108
5 109
5 110
5 112
5 113
5 114
5 115
5 116
5 117
5 119
5 121
5 122
5 123
5 125
5 126
5 127
5 128
5 129
5 130
5 131
5 132
5 135
5 139
5 140
5 141
5 144
5 148
5 150
5 151
5 156
5 158
5 159
5 160
5 161
5 162
5 164
5 166
5 168
5 170
5 172
5 173
5 175
5 176
5 177
5 181
5 182
5 185
5 187
5 188
5 189
5 191
5 192
5 198
5 199
5 200
5 202
5 210
5 212
5 213
5 214
5 215
5 216
5 218
5 223
5 225
5 226
5 227
5 228
5 233
5 234
5 236
5 239
5 243
5 246
5 247
5 248
5 249
5 251
5 252
5 253
5 255
5 256
5 257
5 258
5 260
5 262
5 263
5 264
5 265
5 268
5 269
5 270
5 272
5 273
5 275
5 276
5 278
5 279
5 280
5 290
5 293
5 295
5 296
6 44
6 46
6 47
6 48
6 53
6 54
6 56
6 60
6 61
6 62
6 63
6 64
6 66
6 68
6 73
6 74
6 77
6 83
6 84
6 89
6 90
6 92
6 93
6 94
6 95
6 97
6 98
6 99
6 100
6 101
6 102
6 104
6 106
6 108
6 109
6 110
6 111
6 112
6 114
6 115
6 116
6 122
6 123
6 125
6 126
6 128
6 129
6 130
6 131
6 139
6 141
6 144
6 148
6 150
6 151
6 159
6 162
6 170
6 172
6 173
6 175
6 191
6 202
6 210
6 212
6 215
6 216
6 218
6 246
6 247
6 248
6 249
6 251
6 252
6 253
6 254
6 255
6 256
6 257
6 258
6 259
6 260
6 261
6 262
6 263
6 264
6 265
6 266
6 267
6 268
6 270
6 272
6 273
6 275
6 276
6 277
6 278
6 279
6 280
6 293
6 295
7 48
7 54
7 63
7 66
7 83
7 88
7 90
7 91
7 94
7 95
7 97
7 98
7 99
7 102
7 103
7 104
7 105
7 108
7 110
7 112
7 115
7 116
7 122
7 123
7 125
7 126
7 127
7 128
7 137
7 141
7 148
7 149
7 152
7 158
7 159
7 160
7 165
7 167
7 173
7 175
7 181
7 187
7 192
7 198
7 199
7 202
7 207
7 208
7 211
7 212
7 214
7 222
7 226
7 229
7 234
7 242
7 248
7 249
7 251
7 253
7 256
7 264
7 266
7 268
7 269
7 270
7 271
7 272
7 273
7 275
7 277
7 282
7 290
7 293
7 295
7 296
8 43
8 44
8 46
8 53
8 54
8 57
8 60
8 61
8 63
8 64
8 69
8 76
8 84
8 89
8 90
8 97
8 98
8 99
8 101
8 102
8 104
8 106
8 110
8 111
8 115
8 120
8 122
8 123
8 125
8 126
8 128
8 129
8 130
8 131
8 132
8 139
8 145
8 146
8 148
8 149
8 150
8 154
8 156
8 158
8 159
8 160
8 161
8 162
8 164
8 167
8 172
8 173
8 175
8 176
8 182
8 187
8 192
8 193
8 195
8 198
8 199
8 204
8 205
8 209
8 210
8 213
8 214
8 215
8 218
8 221
8 224
8 227
8 230
8 231
8 233
8 238
8 239
8 241
8 244
8 245
8 247
8 248
8 249
8 250
8 251
8 252
8 253
8 255
8 256
8 264
8 265
8 267
8 268
8 270
8 272
8 273
8 274
8 277
8 285
8 288
8 290
8 293
8 295
8 296
8 298
9 50
9 51
9 54
9 56
9 60
9 62
9 63
9 64
9 66
9 67
9 73
9 76
9 81
9 83
9 84
9 89
9 90
9 92
9 94
9 95
9 97
9 99
9 101
9 102
9 103
9 104
9 106
9 109
9 112
9 114
9 115
9 116
9 125
9 128
9 129
9 130
9 131
9 137
9 141
9 148
9 149
9 151
9 152
9 158
9 159
9 160
9 165
9 172
9 177
9 181
9 187
9 189
9 192
9 197
9 198
9 199
9 200
9 202
9 218
9 226
9 229
9 239
9 246
9 247
9 248
9 249
9 251
9 252
9 254
9 255
9 256
9 257
9 258
9 262
9 263
9 264
9 265
9 266
9 268
9 270
9 271
9 272
9 273
9 275
9 276
9 277
9 278
9 280
9 282
9 290
9 293
9 295
9 296
10 43
10 48
10 54
10 63
10 66
10 73
10 81
10 83
10 84
10 90
10 91
10 92
10 95
10 99
10 101
10 103
10 104
10 106
10 110
10 112
10 115
10 116
10 122
10 125
10 126
10 127
10 128
10 129
10 130
10 131
10 132
10 136
10 137
10 139
10 141
10 145
10 148
10 149
10 150
10 152
10 158
10 159
10 160
10 162
10 163
10 164
10 165
10 167
10 168
10 170
10 171
10 173
10 175
10 180
10 181
10 183
10 187
10 191
10 192
10 198
10 199
10 202
10 208
10 210
10 218
10 229
10 239
10 242
10 246
10 247
10 248
10 249
10 250
10 251
10 252
10 253
10 255
10 256
10 257
10 259
10 264
10 265
10 266
10 268
10 269
10 270
10 271
10 272
10 273
10 275
10 277
10 279
10 280
10 282
10 290
10 293
10 295
10 296
11 43
11 44
11 46
11 52
11 53
11 63
11 65
11 69
11 76
11 83
11 84
11 90
11 91
11 92
11 93
11 94
11 96
11 97
11 98
11 99
11 100
11 101
11 102
11 104
11 106
11 108
11 110
11 111
11 112
11 113
11 114
11 119
11 122
11 123
11 125
11 126
11 127
11 128
11 129
11 130
11 131
11 132
11 137
11 173
11 203
11 210
11 211
11 213
11 214
11 215
11 217
11 218
11 220
11 231
11 233
11 234
11 235
11 239
11 240
11 246
11 247
11 249
11 250
11 251
11 252
11 253
11 255
11 256
11 257
11 258
11 259
11 262
11 264
11 265
11 266
11 267
11 268
11 270
11 272
11 273
11 274
11 275
11 276
11 277
11 278
11 279
11 280
11 282
11 293
11 295
11 296
12 42
12 43
12 44
12 45
12 47
12 48
12 49
12 50
12 51
12 52
12 53
12 54
12 57
12 58
12 62
12 63
12 64
12 66
12 68
12 69
12 73
12 74
12 78
12 81
12 83
12 86
12 88
12 89
12 91
12 92
12 93
12 94
12 95
12 96
12 97
12 98
12 99
12 100
12 101
12 102
12 103
12 106
12 107
12 109
12 110
12 111
12 112
12 113
12 114
12 115
12 116
12 117
12 119
12 121
12 122
12 123
12 125
12 126
12 127
12 128
12 129
12 130
12 131
12 132
12 134
12 135
12 137
12 140
12 147
12 148
12 151
12 152
12 154
12 156
12 158
12 159
12 160
12 161
12 162
12 164
12 165
12 166
12 168
12 170
12 172
12 173
12 175
12 177
12 180
12 181
12 182
12 185
12 187
12 188
12 189
12 190
12 192
12 195
12 198
12 199
12 200
12 202
12 203
12 205
12 210
12 211
12 214
12 216
12 218
12 220
12 222
12 225
12 226
12 227
12 228
12 229
12 231
12 234
12 235
12 236
12 237
12 239
12 240
12 243
12 246
12 251
12 264
12 269
12 276
12 282
12 290
12 293
12 295
12 296
13 44
13 46
13 48
13 51
13 54
13 56
13 57
13 60
13 63
13 66
13 73
13 77
13 79
13 83
13 85
13 86
13 97
13 98
13 99
13 102
13 103
13 104
13 105
13 106
13 110
13 120
13 126
13 128
13 132
13 133
13 136
13 137
13 138
13 139
13 141
13 142
13 144
13 145
13 148
13 149
13 150
13 152
13 156
13 158
13 159
13 160
13 162
13 163
13 164
13 165
13 167
13 168
13 169
13 171
13 173
13 175
13 176
13 181
13 182
13 187
13 188
13 191
13 192
13 193
13 197
13 198
13 199
13 202
13 210
13 214
13 217
13 225
13 228
13 229
13 234
13 242
13 246
13 248
13 249
13 251
13 257
13 261
13 262
13 263
13 264
13 266
13 268
13 269
13 270
13 272
13 273
13 275
13 280
13 282
13 290
13 293
13 295
13 296
14 44
14 48
14 50
14 52
14 53
14 54
14 62
14 64
14 66
14 69
14 73
14 82
14 83
14 84
14 86
14 88
14 91
14 92
14 93
14 95
14 97
14 98
14 99
14 101
14 103
14 104
14 109
14 110
14 112
14 116
14 120
14 125
14 126
14 128
14 129
14 132
14 135
14 136
14 137
14 138
14 139
14 140
14 141
14 144
14 147
14 148
14 150
14 152
14 154
14 156
14 158
14 159
14 160
14 161
14 162
14 163
14 164
14 165
14 168
14 170
14 171
14 173
14 175
14 176
14 180
14 181
14 185
14 187
14 188
14 191
14 192
14 193
14 195
14 197
14 198
14 199
14 201
14 202
14 203
14 205
14 206
14 209
14 210
14 211
14 215
14 217
14 218
14 219
14 222
14 223
14 225
14 226
14 228
14 231
14 233
14 234
14 235
14 236
14 239
14 240
14 243
14 246
14 248
14 249
14 251
14 252
14 255
14 257
14 262
14 264
14 265
14 268
14 269
14 271
14 272
14 273
14 276
14 278
14 280
14 282
14 293
14 295
14 296
15 61
15 63
15 90
15 92
15 93
15 99
15 102
15 103
15 112
15 115
15 118
15 126
15 128
15 130
15 132
15 135
15 139
15 144
15 150
15 151
15 154
15 162
15 164
15 168
15 173
15 176
15 180
15 181
15 182
15 188
15 190
15 191
15 197
15 202
15 203
15 204
15 205
15 207
15 209
15 214
15 215
15 216
15 218
15 219
15 220
15 221
15 222
15 223
15 227
15 230
15 233
15 235
15 236
15 237
15 238
15 239
15 240
15 243
15 248
15 252
15 262
15 264
15 269
15 282
15 293
15 295
15 296
16 43
16 48
16 52
16 53
16 60
16 62
16 63
16 64
16 69
16 83
16 84
16 86
16 88
16 89
16 90
16 91
16 93
16 94
16 95
16 96
16 97
16 98
16 99
16 100
16 101
16 102
16 104
16 106
16 107
16 108
16 109
16 110
16 111
16 112
16 113
16 114
16 115
16 116
16 117
16 119
16 121
16 122
16 123
16 125
16 126
16 127
16 128
16 129
16 130
16 131
16 132
16 137
16 139
16 141
16 144
16 148
16 149
16 150
16 152
16 156
16 159
16 160
16 161
16 162
16 164
16 168
16 170
16 173
16 175
16 176
16 185
16 188
16 191
16 192
16 202
16 211
16 229
16 234
16 247
16 248
16 249
16 250
16 251
16 253
16 256
16 257
16 258
16 259
16 263
16 264
16 266
16 268
16 269
16 270
16 272
16 273
16 274
16 275
16 276
16 277
16 278
16 279
16 282
16 290
16 293
16 296
17 43
17 44
17 46
17 53
17 54
17 57
17 61
17 63
17 65
17 73
17 76
17 80
17 90
17 92
17 93
17 97
17 99
17 102
17 112
17 115
17 116
17 120
17 129
17 130
17 131
17 132
17 137
17 140
17 141
17 144
17 147
17 150
17 154
17 156
17 162
17 164
17 166
17 168
17 176
17 179
17 180
17 188
17 191
17 195
17 201
17 203
17 206
17 209
17 210
17 213
17 218
17 219
17 231
17 233
17 239
17 243
17 244
17 246
17 247
17 249
17 251
17 252
17 254
17 257
17 261
17 262
17 264
17 265
17 266
17 267
17 268
17 274
17 277
17 278
17 282
17 290
17 293
17 295
17 296
18 43
18 44
18 50
18 53
18 54
18 56
18 57
18 61
18 63
18 65
18 76
18 84
18 85
18 90
18 93
18 95
18 97
18 99
18 101
18 102
18 104
18 106
18 108
18 111
18 112
18 114
18 116
18 127
18 128
18 129
18 130
18 131
18 132
18 135
18 137
18 138
18 140
18 144
18 145
18 147
18 148
18 149
18 151
18 152
18 153
18 154
18 156
18 158
18 159
18 160
18 164
18 166
18 167
18 168
18 170
18 173
18 175
18 176
18 177
18 179
18 180
18 181
18 182
18 185
18 187
18 188
18 191
18 192
18 193
18 194
18 195
18 196
18 197
18 198
18 199
18 200
18 203
18 207
18 211
18 215
18 217
18 218
18 223
18 226
18 233
18 235
18 236
18 240
18 246
18 247
18 248
18 249
18 251
18 253
18 262
18 264
18 265
18 266
18 267
18 270
18 272
18 273
18 282
18 290
18 293
18 295
18 296
19 43
19 44
19 53
19 54
19 57
19 61
19 63
19 73
19 76
19 80
19 83
19 84
19 90
19 91
19 99
19 102
19 103
19 105
19 106
19 108
19 111
19 112
19 115
19 116
19 120
19 125
19 129
19 132
19 135
19 141
19 160
19 165
19 166
19 167
19 171
19 172
19 173
19 181
19 187
19 198
19 199
19 200
19 202
19 208
19 213
19 218
19 246
19 247
19 248
19 249
19 251
19 253
19 256
19 257
19 264
19 265
19 266
19 267
19 268
19 272
19 273
19 275
19 277
19 279
19 282
19 289
19 295
20 44
20 47
20 48
20 51
20 54
20 55
20 60
20 62
20 64
20 84
20 90
20 91
20 93
20 94
20 95
20 96
20 98
20 99
20 100
20 101
20 102
20 103
20 104
20 106
20 107
20 108
20 110
20 111
20 112
20 114
20 115
20 116
20 119
20 122
20 125
20 126
20 127
20 128
20 129
20 130
20 131
20 132
20 139
20 140
20 141
20 144
20 148
20 149
20 150
20 152
20 156
20 159
20 160
20 161
20 162
20 164
20 165
20 166
20 167
20 168
20 170
20 173
20 175
20 176
20 180
20 185
20 188
20 191
20 192
20 202
20 229
20 240
20 246
20 247
20 248
20 249
20 250
20 251
20 253
20 255
20 256
20 257
20 258
20 259
20 261
20 262
20 263
20 264
20 266
20 268
20 270
20 272
20 273
20 274
20 275
20 276
20 277
20 278
20 279
20 280
20 290
20 293
20 295
20 296
21 43
21 48
21 54
21 62
21 64
21 84
21 90
21 91
21 95
21 99
21 102
21 103
21 104
21 105
21 106
21 108
21 111
21 116
21 125
21 126
21 128
21 132
21 133
21 135
21 138
21 139
21 140
21 141
21 144
21 148
21 149
21 150
21 151
21 152
21 153
21 154
21 156
21 158
21 159
21 160
21 161
21 162
21 163
21 164
21 165
21 166
21 167
21 168
21 170
21 171
21 172
21 173
21 175
21 176
21 177
21 180
21 181
21 185
21 187
21 188
21 189
21 191
21 192
21 194
21 195
21 196
21 198
21 199
21 200
21 202
21 210
21 214
21 217
21 219
21 228
21 229
21 236
21 240
21 242
21 246
21 247
21 248
21 249
21 250
21 251
21 252
21 253
21 255
21 256
21 257
21 261
21 262
21 263
21 264
21 265
21 266
21 267
21 268
21 269
21 270
21 271
21 272
21 273
21 275
21 277
21 278
21 279
21 280
21 282
21 290
21 293
21 295
21 296
22 48
22 50
22 52
22 54
22 56
22 58
22 63
22 64
22 67
22 78
22 83
22 89
22 90
22 92
22 93
22 94
22 95
22 97
22 99
22 101
22 102
22 108
22 110
22 112
22 114
22 115
22 116
22 122
22 125
22 128
22 130
22 132
22 137
22 141
22 148
22 149
22 152
22 158
22 160
22 167
22 168
22 173
22 177
22 181
22 187
22 192
22 198
22 199
22 200
22 203
22 205
22 211
22 216
22 222
22 226
22 229
22 235
22 239
22 246
22 248
22 249
22 251
22 252
22 254
22 255
22 257
22 262
22 264
22 268
22 270
22 271
22 272
22 273
22 275
22 276
22 290
22 293
22 295
23 43
23 48
23 54
23 60
23 64
23 66
23 82
23 84
23 90
23 95
23 97
23 98
23 99
23 100
23 101
23 102
23 103
23 105
23 106
23 107
23 108
23 111
23 120
23 122
23 125
23 126
23 129
23 131
23 132
23 135
23 137
23 139
23 141
23 144
23 146
23 147
23 148
23 149
23 150
23 151
23 152
23 154
23 155
23 156
23 158
23 159
23 160
23 161
23 162
23 163
23 164
23 165
23 167
23 170
23 172
23 173
23 175
23 176
23 177
23 179
23 181
23 182
23 183
23 185
23 187
23 188
23 189
23 191
23 192
23 193
23 194
23 195
23 196
23 198
23 199
23 200
23 204
23 205
23 209
23 210
23 211
23 213
23 214
23 215
23 216
23 217
23 218
23 220
23 221
23 225
23 226
23 228
23 230
23 231
23 232
23 233
23 234
23 235
23 238
23 239
23 240
23 241
23 242
23 243
23 244
23 248
23 250
23 251
23 256
23 257
23 268
23 269
23 272
23 273
23 282
23 290
23 293
23 295
23 296
24 50
24 54
24 60
24 62
24 63
24 83
24 89
24 90
24 91
24 92
24 93
24 95
24 97
24 98
24 99
24 101
24 102
24 103
24 104
24 106
24 108
24 109
24 112
24 114
24 115
24 116
24 122
24 125
24 128
24 129
24 130
24 131
24 132
24 135
24 141
24 148
24 149
24 150
24 152
24 156
24 158
24 159
24 160
24 161
24 164
24 165
24 168
24 172
24 177
24 181
24 185
24 187
24 189
24 192
24 195
24 198
24 199
24 200
24 202
24 203
24 218
24 219
24 225
24 226
24 228
24 229
24 239
24 240
24 243
24 246
24 247
24 248
24 249
24 251
24 252
24 253
24 254
24 255
24 256
24 257
24 258
24 259
24 260
24 261
24 262
24 263
24 264
24 265
24 266
24 268
24 270
24 271
24 272
24 273
24 274
24 275
24 276
24 277
24 278
24 279
24 280
24 282
24 290
24 293
24 295
25 46
25 48
25 50
25 53
25 54
25 56
25 60
25 62
25 64
25 66
25 67
25 70
25 82
25 83
25 84
25 86
25 88
25 90
25 91
25 92
25 97
25 98
25 99
25 101
25 103
25 104
25 106
25 108
25 109
25 110
25 112
25 114
25 116
25 125
25 126
25 128
25 129
25 132
25 135
25 137
25 140
25 141
25 144
25 148
25 149
25 150
25 152
25 154
25 156
25 158
25 159
25 160
25 161
25 162
25 164
25 165
25 168
25 170
25 171
25 173
25 175
25 176
25 180
25 181
25 185
25 187
25 188
25 191
25 192
25 195
25 198
25 199
25 203
25 225
25 227
25 229
25 246
25 247
25 248
25 249
25 250
25 251
25 252
25 253
25 255
25 256
25 257
25 258
25 259
25 260
25 261
25 262
25 263
25 264
25 265
25 266
25 267
25 268
25 270
25 271
25 272
25 273
25 274
25 275
25 276
25 277
25 278
25 279
25 280
25 282
25 289
25 293
25 295
25 299
26 53
26 54
26 60
26 62
26 64
26 83
26 84
26 88
26 90
26 92
26 95
26 97
26 98
26 99
26 101
26 102
26 103
26 104
26 106
26 108
26 110
26 115
26 122
26 125
26 126
26 127
26 128
26 129
26 130
26 131
26 132
26 135
26 136
26 138
26 139
26 141
26 144
26 148
26 149
26 150
26 154
26 156
26 158
26 159
26 160
26 161
26 162
26 164
26 165
26 167
26 168
26 170
26 173
26 175
26 176
26 181
26 182
26 185
26 187
26 188
26 191
26 192
26 195
26 197
26 198
26 199
26 201
26 202
26 203
26 210
26 211
26 212
26 213
26 214
26 215
26 218
26 223
26 225
26 226
26 227
26 228
26 230
26 231
26 233
26 234
26 236
26 239
26 242
26 243
26 246
26 247
26 248
26 249
26 250
26 251
26 252
26 253
26 255
26 256
26 257
26 259
26 261
26 262
26 263
26 264
26 266
26 267
26 268
26 269
26 270
26 271
26 272
26 273
26 275
26 277
26 279
26 280
26 282
26 293
26 295
26 296
27 43
27 44
27 54
27 57
27 61
27 76
27 80
27 81
27 90
27 91
27 97
27 99
27 102
27 104
27 106
27 112
27 116
27 120
27 124
27 130
27 132
27 140
27 141
27 147
27 149
27 160
27 165
27 167
27 171
27 177
27 181
27 182
27 187
27 189
27 190
27 193
27 195
27 197
27 198
27 199
27 200
27 202
27 205
27 206
27 207
27 209
27 212
27 218
27 223
27 231
27 233
27 239
27 244
27 246
27 247
27 248
27 249
27 251
27 252
27 262
27 264
27 268
27 273
27 275
27 282
27 290
28 43
28 44
28 46
28 53
28 54
28 57
28 61
28 63
28 65
28 76
28 80
28 90
28 91
28 92
28 99
28 102
28 103
28 104
28 106
28 109
28 110
28 112
28 116
28 120
28 125
28 126
28 128
28 129
28 132
28 135
28 137
28 139
28 140
28 141
28 144
28 147
28 149
28 150
28 154
28 162
28 164
28 165
28 168
28 170
28 171
28 173
28 175
28 176
28 180
28 181
28 188
28 191
28 193
28 197
28 202
28 203
28 205
28 206
28 209
28 210
28 211
28 215
28 217
28 218
28 219
28 222
28 223
28 231
28 233
28 234
28 239
28 240
28 243
28 244
28 245
28 246
28 247
28 248
28 249
28 251
28 252
28 255
28 256
28 257
28 262
28 264
28 265
28 267
28 268
28 271
28 272
28 273
28 282
28 293
28 295
28 296
29 42
29 48
29 54
29 89
29 91
29 92
29 93
29 97
29 99
29 101
29 102
29 103
29 108
29 109
29 110
29 112
29 114
29 115
29 116
29 122
29 125
29 128
29 131
29 132
29 135
29 137
29 141
29 147
29 148
29 149
29 152
29 154
29 158
29 159
29 161
29 168
29 177
29 179
29 180
29 182
29 185
29 188
29 192
29 195
29 198
29 199
29 200
29 202
29 205
29 209
29 211
29 216
29 218
29 226
29 229
29 234
29 235
29 236
29 239
29 243
29 246
29 248
29 251
29 252
29 255
29 256
29 262
29 264
29 268
29 269
29 272
29 273
29 275
29 276
29 277
29 278
29 282
29 290
29 293
29 295
29 296
30 43
30 52
30 53
30 54
30 60
30 63
30 64
30 66
30 81
30 83
30 84
30 90
30 91
30 94
30 96
30 98
30 99
30 101
30 102
30 104
30 106
30 108
30 110
30 111
30 112
30 114
30 115
30 116
30 119
30 122
30 123
30 125
30 126
30 127
30 128
30 129
30 130
30 131
30 132
30 139
30 141
30 142
30 144
30 145
30 146
30 147
30 148
30 149
30 150
30 151
30 152
30 156
30 158
30 159
30 160
30 162
30 163
30 164
30 165
30 167
30 169
30 172
30 173
30 175
30 186
30 188
30 191
30 192
30 199
30 202
30 211
30 212
30 213
30 218
30 225
30 226
30 228
30 231
30 233
30 239
30 246
30 247
30 248
30 249
30 250
30 251
30 252
30 253
30 256
30 259
30 261
30 263
30 264
30 266
30 268
30 269
30 270
30 272
30 273
30 275
30 276
30 277
30 278
30 279
30 280
30 282
30 290
30 293
30 295
30 296
31 43
31 44
31 53
31 54
31 57
31 61
31 63
31 65
31 76
31 80
31 90
31 93
31 102
31 111
31 116
31 120
31 122
31 125
31 128
31 129
31 131
31 132
31 133
31 134
31 137
31 140
31 141
31 144
31 147
31 150
31 154
31 159
31 162
31 164
31 165
31 166
31 167
31 168
31 170
31 172
31 176
31 179
31 180
31 184
31 188
31 190
31 191
31 193
31 194
31 195
31 197
31 198
31 199
31 200
31 203
31 210
31 218
31 223
31 229
31 246
31 247
31 249
31 250
31 251
31 252
31 253
31 254
31 255
31 256
31 257
31 261
31 262
31 264
31 265
31 266
31 267
31 268
31 272
31 273
31 275
31 277
31 278
31 280
31 282
31 283
31 290
31 293
31 295
31 296
32 44
32 53
32 54
32 60
32 61
32 62
32 63
32 64
32 69
32 81
32 83
32 84
32 88
32 89
32 90
32 91
32 92
32 95
32 97
32 98
32 99
32 101
32 102
32 103
32 104
32 106
32 108
32 110
32 112
32 113
32 115
32 116
32 122
32 123
32 125
32 126
32 127
32 128
32 129
32 130
32 131
32 132
32 135
32 139
32 141
32 144
32 148
32 149
32 150
32 152
32 154
32 156
32 158
32 159
32 160
32 161
32 162
32 164
32 168
32 170
32 173
32 175
32 176
32 181
32 185
32 188
32 191
32 192
32 198
32 199
32 202
32 210
32 211
32 213
32 214
32 215
32 218
32 223
32 225
32 226
32 228
32 233
32 234
32 236
32 239
32 243
32 246
32 247
32 248
32 249
32 250
32 251
32 252
32 253
32 255
32 256
32 257
32 258
32 259
32 261
32 262
32 263
32 264
32 265
32 266
32 268
32 269
32 270
32 271
32 272
32 273
32 275
32 276
32 277
32 278
32 279
32 280
32 282
32 293
32 295
32 296
33 44
33 48
33 52
33 53
33 54
33 55
33 56
33 58
33 60
33 62
33 63
33 64
33 66
33 67
33 69
33 81
33 83
33 84
33 88
33 90
33 92
33 94
33 97
33 98
33 99
33 100
33 101
33 102
33 103
33 104
33 106
33 107
33 108
33 110
33 112
33 113
33 115
33 116
33 118
33 122
33 128
33 129
33 130
33 131
33 132
33 137
33 141
33 144
33 148
33 149
33 152
33 156
33 158
33 159
33 162
33 164
33 168
33 170
33 171
33 172
33 173
33 175
33 176
33 183
33 191
33 192
33 198
33 199
33 202
33 211
33 218
33 226
33 228
33 233
33 236
33 239
33 246
33 248
33 249
33 250
33 251
33 253
33 257
33 261
33 264
33 266
33 268
33 269
33 270
33 271
33 272
33 273
33 275
33 276
33 277
33 278
33 279
33 280
33 282
33 293
33 295
33 296
34 50
34 54
34 56
34 62
34 63
34 64
34 66
34 73
34 81
34 83
34 84
34 88
34 90
34 97
34 98
34 99
34 101
34 102
34 103
34 104
34 105
34 106
34 108
34 110
34 111
34 116
34 120
34 125
34 126
34 127
34 128
34 129
34 137
34 139
34 141
34 148
34 149
34 152
34 158
34 160
34 162
34 167
34 173
34 175
34 180
34 181
34 187
34 192
34 197
34 198
34 199
34 202
34 215
34 217
34 218
34 219
34 226
34 229
34 231
34 239
34 240
34 242
34 246
34 247
34 248
34 249
34 250
34 251
34 255
34 256
34 257
34 261
34 262
34 263
34 266
34 268
34 269
34 270
34 271
34 272
34 273
34 275
34 276
34 277
34 278
34 280
34 282
34 290
34 293
34 295
34 296
35 43
35 54
35 56
35 77
35 81
35 88
35 90
35 97
35 98
35 99
35 103
35 104
35 105
35 110
35 114
35 120
35 124
35 125
35 132
35 137
35 139
35 141
35 143
35 144
35 147
35 148
35 149
35 152
35 158
35 160
35 162
35 163
35 165
35 167
35 170
35 171
35 173
35 175
35 181
35 184
35 187
35 188
35 190
35 191
35 192
35 193
35 197
35 198
35 199
35 203
35 206
35 207
35 209
35 211
35 213
35 215
35 217
35 220
35 221
35 222
35 226
35 227
35 230
35 231
35 234
35 235
35 238
35 239
35 241
35 242
35 244
35 245
35 248
35 259
35 262
35 269
35 270
35 273
35 275
35 290
35 293
35 295
35 296
36 54
36 79
36 92
36 95
36 97
36 99
36 101
36 102
36 103
36 104
36 124
36 125
36 129
36 130
36 131
36 132
36 137
36 138
36 144
36 145
36 147
36 149
36 150
36 151
36 154
36 159
36 161
36 166
36 167
36 170
36 171
36 172
36 173
36 175
36 180
36 181
36 182
36 188
36 189
36 195
36 197
36 198
36 202
36 203
36 204
36 205
36 206
36 207
36 209
36 210
36 211
36 212
36 213
36 214
36 215
36 216
36 217
36 218
36 219
36 221
36 222
36 223
36 225
36 226
36 227
36 228
36 230
36 231
36 233
36 234
36 235
36 236
36 238
36 239
36 240
36 242
36 243
36 248
36 249
36 251
36 254
36 255
36 256
36 257
36 258
36 259
36 261
36 262
36 263
36 264
36 266
36 268
36 269
36 270
36 272
36 273
36 277
36 279
36 280
36 281
36 282
36 283
36 284
36 285
36 287
36 288
36 289
36 290
36 292
36 294
36 295
36 297
36 298
36 299
37 43
37 44
37 50
37 51
37 54
37 58
37 60
37 61
37 62
37 63
37 64
37 73
37 76
37 81
37 83
37 84
37 90
37 91
37 92
37 93
37 97
37 99
37 101
37 102
37 103
37 104
37 106
37 108
37 109
37 112
37 114
37 115
37 116
37 122
37 125
37 128
37 129
37 130
37 131
37 132
37 135
37 141
37 148
37 149
37 150
37 151
37 152
37 156
37 158
37 159
37 160
37 161
37 165
37 168
37 170
37 172
37 177
37 180
37 181
37 185
37 187
37 189
37 192
37 195
37 197
37 198
37 199
37 200
37 202
37 203
37 218
37 225
37 226
37 228
37 229
37 239
37 243
37 246
37 247
37 248
37 249
37 250
37 251
37 252
37 253
37 254
37 255
37 256
37 257
37 258
37 259
37 261
37 262
37 263
37 264
37 265
37 266
37 268
37 270
37 272
37 273
37 274
37 275
37 276
37 277
37 278
37 279
37 280
37 282
37 290
37 293
37 295
37 296
38 44
38 46
38 47
38 52
38 53
38 54
38 60
38 61
38 62
38 63
38 64
38 68
38 69
38 74
38 76
38 77
38 81
38 83
38 84
38 86
38 90
38 94
38 95
38 96
38 97
38 99
38 101
38 102
38 103
38 104
38 106
38 108
38 111
38 115
38 116
38 122
38 125
38 127
38 128
38 129
38 131
38 132
38 135
38 139
38 141
38 144
38 149
38 150
38 151
38 152
38 156
38 158
38 159
38 161
38 162
38 164
38 168
38 170
38 172
38 173
38 175
38 176
38 177
38 185
38 188
38 191
38 192
38 194
38 198
38 199
38 200
38 213
38 215
38 216
38 218
38 225
38 227
38 228
38 233
38 246
38 247
38 248
38 249
38 250
38 251
38 252
38 253
38 255
38 256
38 257
38 259
38 261
38 262
38 263
38 264
38 266
38 267
38 268
38 269
38 270
38 271
38 272
38 273
38 274
38 275
38 276
38 277
38 278
38 279
38 280
38 290
38 293
38 295
38 296
39 43
39 44
39 46
39 47
39 50
39 52
39 53
39 54
39 56
39 58
39 60
39 61
39 62
39 63
39 64
39 66
39 67
39 69
39 70
39 72
39 73
39 74
39 76
39 81
39 82
39 83
39 84
39 86
39 89
39 90
39 91
39 92
39 93
39 94
39 95
39 97
39 98
39 99
39 100
39 101
39 102
39 103
39 104
39 106
39 107
39 108
39 109
39 110
39 111
39 112
39 114
39 115
39 116
39 119
39 122
39 123
39 125
39 127
39 129
39 130
39 131
39 132
39 133
39 138
39 141
39 144
39 148
39 149
39 151
39 156
39 158
39 159
39 160
39 162
39 165
39 166
39 167
39 168
39 170
39 172
39 173
39 175
39 176
39 181
39 185
39 187
39 188
39 189
39 191
39 199
39 200
39 202
39 213
39 215
39 216
39 218
39 226
39 227
39 228
39 233
39 246
39 247
39 248
39 249
39 250
39 251
39 252
39 253
39 255
39 256
39 257
39 258
39 259
39 260
39 261
39 262
39 263
39 264
39 265
39 266
39 267
39 268
39 270
39 271
39 272
39 273
39 274
39 275
39 276
39 277
39 278
39 279
39 280
39 282
39 289
39 290
39 293
39 296
40 43
40 44
40 47
40 53
40 61
40 63
40 65
40 76
40 90
40 99
40 104
40 110
40 111
40 120
40 128
40 132
40 137
40 148
40 165
40 167
40 175
40 197
40 205
40 210
40 214
40 228
40 229
40 238
40 239
40 246
40 247
40 248
40 249
40 251
40 252
40 253
40 255
40 262
40 264
40 265
40 266
40 267
40 268
40 270
40 271
40 272
40 275
40 279
40 280
40 285
40 290
40 293
40 295
41 43
41 48
41 54
41 56
41 60
41 64
41 81
41 84
41 88
41 90
41 91
41 94
41 96
41 97
41 99
41 101
41 102
41 106
41 108
41 110
41 111
41 115
41 116
41 122
41 123
41 125
41 126
41 131
41 132
41 137
41 139
41 141
41 142
41 144
41 145
41 146
41 148
41 149
41 150
41 151
41 152
41 156
41 158
41 159
41 160
41 161
41 162
41 163
41 164
41 165
41 167
41 169
41 170
41 173
41 175
41 176
41 178
41 180
41 183
41 185
41 186
41 188
41 191
41 192
41 199
41 229
41 239
41 246
41 247
41 249
41 250
41 251
41 253
41 255
41 256
41 257
41 258
41 259
41 261
41 264
41 266
41 269
41 270
41 271
41 272
41 273
41 275
41 276
41 277
41 279
41 280
41 282
41 290
41 293
41 295
41 296
42 46
42 60
42 90
42 93
42 95
42 106
42 107
42 109
42 112
42 116
42 119
42 120
42 123
42 128
42 132
42 144
42 150
42 167
42 195
42 198
42 209
42 238
42 259
42 263
42 270
42 273
42 283
42 285
43 48
43 77
43 82
43 89
43 91
43 92
43 94
43 95
43 97
43 98
43 100
43 102
43 103
43 104
43 108
43 111
43 112
43 114
43 117
43 118
43 120
43 124
43 125
43 127
43 129
43 130
43 133
43 135
43 136
43 138
43 149
43 150
43 153
43 161
43 165
43 168
43 174
43 182
43 183
43 193
43 202
43 203
43 209
43 210
43 212
43 214
43 217
43 219
43 220
43 221
43 224
43 225
43 227
43 230
43 232
43 235
43 237
43 238
43 241
43 242
43 243
43 245
43 247
43 250
43 251
43 252
43 253
43 255
43 256
43 258
43 264
43 265
43 266
43 267
43 269
43 271
43 272
43 273
43 274
43 275
43 278
43 287
44 52
44 77
44 79
44 84
44 88
44 91
44 93
44 95
44 101
44 103
44 106
44 107
44 109
44 112
44 113
44 114
44 116
44 118
44 119
44 120
44 123
44 124
44 127
44 129
44 133
44 135
44 136
44 138
44 141
44 142
44 149
44 150
44 152
44 153
44 161
44 163
44 183
44 184
44 186
44 193
44 202
44 203
44 209
44 210
44 211
44 213
44 215
44 216
44 217
44 223
44 225
44 226
44 227
44 228
44 229
44 233
44 234
44 235
44 238
44 239
44 240
44 241
44 242
44 243
44 245
44 247
44 252
44 253
44 255
44 264
44 265
44 266
44 267
44 269
44 270
44 274
44 275
45 56
45 89
45 91
45 92
45 93
45 95
45 96
45 100
45 108
45 112
45 114
45 116
45 117
45 122
45 125
45 131
45 144
45 195
45 198
45 209
45 227
45 241
45 246
45 248
45 250
45 251
45 257
45 259
45 260
45 269
45 270
45 273
46 50
46 51
46 54
46 58
46 85
46 89
46 93
46 97
46 98
46 99
46 100
46 102
46 104
46 107
46 108
46 111
46 112
46 113
46 117
46 118
46 122
46 124
46 125
46 129
46 130
46 131
46 134
46 135
46 143
46 144
46 165
46 167
46 195
46 201
46 202
46 203
46 210
46 211
46 216
46 217
46 218
46 223
46 226
46 227
46 228
46 234
46 235
46 239
46 240
46 242
46 243
46 246
46 247
46 248
46 250
46 251
46 252
46 253
46 256
46 259
46 264
46 265
46 266
46 267
46 269
46 272
46 273
46 274
46 275
47 89
47 91
47 98
47 99
47 100
47 106
47 118
47 120
47 125
47 128
47 129
47 130
47 143
47 144
47 149
47 167
47 184
47 195
47 198
47 203
47 209
47 227
47 238
47 246
47 248
47 249
47 251
47 273
47 278
48 58
48 90
48 91
48 92
48 95
48 101
48 105
48 110
48 112
48 116
48 118
48 119
48 124
48 125
48 128
48 129
48 144
48 167
48 174
48 184
48 197
48 203
48 206
48 209
48 213
48 215
48 235
48 241
48 244
48 246
48 247
48 248
48 249
48 250
48 253
48 255
48 257
48 258
48 261
48 263
48 266
48 267
48 268
48 272
48 274
48 277
48 279
48 280
49 50
49 60
49 90
49 101
49 106
49 107
49 114
49 119
49 120
49 123
49 127
49 128
49 130
49 144
49 150
49 159
49 161
49 167
49 181
49 203
49 246
49 251
49 253
49 258
49 267
49 270
49 273
49 276
50 52
50 53
50 60
50 61
50 67
50 75
50 77
50 79
50 84
50 88
50 93
50 95
50 107
50 116
50 118
50 119
50 123
50 128
50 129
50 132
50 144
50 149
50 150
50 167
50 198
50 209
50 238
50 241
50 249
50 250
50 255
50 261
50 263
50 268
50 269
50 272
50 276
50 278
50 280
50 287
51 61
51 66
51 82
51 89
51 90
51 91
51 93
51 95
51 96
51 100
51 101
51 103
51 104
51 114
51 115
51 116
51 117
51 119
51 127
51 150
51 161
51 203
51 204
51 205
51 206
51 207
51 208
51 209
51 210
51 212
51 213
51 215
51 223
51 225
51 226
51 228
51 229
51 231
51 232
51 233
51 236
51 238
51 241
51 243
51 244
51 245
51 247
51 249
51 250
51 257
51 259
51 265
51 269
51 270
51 272
51 273
51 279
51 280
52 89
52 91
52 94
52 98
52 99
52 100
52 106
52 108
52 118
52 120
52 121
52 126
52 129
52 130
52 132
52 133
52 136
52 137
52 143
52 144
52 149
52 153
52 156
52 167
52 184
52 193
52 195
52 198
52 201
52 203
52 209
52 219
52 227
52 232
52 235
52 237
52 240
52 251
52 273
52 275
52 278
53 60
53 89
53 92
53 100
53 102
53 103
53 111
53 118
53 120
53 124
53 130
53 132
53 135
53 143
53 144
53 150
53 165
53 167
53 184
53 195
53 246
53 247
53 252
53 253
53 256
53 261
53 263
53 264
53 265
53 266
53 267
53 272
53 273
53 274
53 275
53 277
53 288
54 60
54 63
54 79
54 82
54 89
54 93
54 94
54 95
54 98
54 100
54 101
54 106
54 108
54 109
54 111
54 112
54 114
54 116
54 118
54 120
54 122
54 125
54 127
54 129
54 131
54 134
54 150
54 164
54 193
54 204
54 206
54 207
54 209
54 212
54 213
54 214
54 219
54 220
54 221
54 222
54 223
54 224
54 227
54 230
54 233
54 234
54 235
54 236
54 237
54 238
54 250
54 256
54 259
54 264
54 273
54 275
54 277
55 89
55 90
55 106
55 107
55 111
55 112
55 118
55 119
55 128
55 130
55 144
55 198
55 206
55 246
55 250
55 251
55 253
55 256
55 257
55 258
55 259
55 260
55 269
55 276
55 279
55 280
56 60
56 73
56 80
56 82
56 99
56 106
56 107
56 119
56 123
56 128
56 130
56 132
56 143
56 144
56 150
56 161
56 167
56 180
56 195
56 198
56 202
56 203
56 206
56 208
56 210
56 213
56 218
56 227
56 232
56 235
56 240
56 241
56 244
56 245
56 259
56 263
56 270
56 272
56 275
57 91
57 106
57 107
57 119
57 123
57 128
57 144
57 150
57 203
57 206
57 208
57 209
57 211
57 213
57 217
57 225
57 226
57 227
57 228
57 234
57 235
57 237
57 238
57 241
57 242
57 246
57 247
57 252
57 253
57 254
57 257
57 259
57 264
57 265
57 266
57 267
57 269
57 270
57 273
57 274
57 280
58 82
58 93
58 95
58 100
58 108
58 112
58 114
58 116
58 118
58 120
58 122
58 123
58 124
58 125
58 128
58 131
58 149
58 150
58 246
58 247
58 248
58 249
58 250
58 252
58 253
58 257
58 258
58 259
58 260
58 263
58 265
58 268
58 272
58 274
58 275
58 276
58 278
58 279
58 280
59 60
59 90
59 106
59 107
59 112
59 119
59 123
59 128
59 130
59 144
59 195
59 198
59 248
59 250
59 251
59 257
59 259
59 260
59 261
59 269
59 273
59 276
59 279
59 280
59 282
60 61
60 67
60 71
60 78
60 81
60 91
60 92
60 95
60 96
60 97
60 101
60 108
60 110
60 112
60 115
60 117
60 118
60 119
60 120
60 122
60 127
60 129
60 133
60 138
60 153
60 180
60 184
60 201
60 202
60 203
60 204
60 205
60 206
60 207
60 208
60 211
60 213
60 215
60 217
60 218
60 219
60 220
60 221
60 222
60 223
60 224
60 225
60 226
60 227
60 228
60 229
60 231
60 232
60 233
60 234
60 235
60 236
60 237
60 238
60 239
60 240
60 241
60 243
60 244
60 245
60 248
60 249
60 250
60 251
60 258
60 259
60 260
60 261
60 262
60 264
60 269
60 271
60 272
60 275
60 276
60 277
60 278
60 279
61 99
61 103
61 106
61 107
61 111
61 119
61 123
61 124
61 129
61 130
61 131
61 144
61 165
61 167
61 195
61 227
61 228
61 235
61 247
61 251
61 252
61 253
61 259
61 264
61 265
61 266
61 270
61 273
61 275
61 282
61 300
62 89
62 91
62 92
62 93
62 95
62 97
62 100
62 101
62 110
62 111
62 112
62 114
62 116
62 117
62 118
62 120
62 121
62 127
62 128
62 129
62 143
62 144
62 149
62 150
62 167
62 184
62 195
62 209
62 215
62 227
62 241
62 244
62 247
62 248
62 249
62 253
62 255
62 256
62 257
62 261
62 262
62 263
62 264
62 267
62 272
62 275
62 277
62 278
63 89
63 92
63 93
63 95
63 97
63 100
63 102
63 103
63 111
63 112
63 116
63 117
63 118
63 124
63 129
63 132
63 135
63 143
63 144
63 147
63 150
63 157
63 161
63 165
63 184
63 195
63 209
63 211
63 232
63 238
63 243
63 247
63 248
63 252
63 253
63 259
63 264
63 265
63 266
63 267
63 269
63 272
63 273
63 274
63 288
64 89
64 91
64 92
64 93
64 95
64 97
64 100
64 108
64 110
64 111
64 112
64 114
64 116
64 117
64 118
64 120
64 121
64 125
64 129
64 130
64 133
64 134
64 149
64 150
64 184
64 227
64 232
64 239
64 247
64 248
64 249
64 252
64 253
64 255
64 256
64 257
64 260
64 261
64 262
64 263
64 264
64 266
64 267
64 268
64 269
64 272
64 274
64 275
64 276
64 277
64 278
64 279
65 89
65 100
65 101
65 106
65 118
65 120
65 124
65 127
65 130
65 150
65 203
65 209
65 210
65 217
65 226
65 238
65 242
65 247
65 251
65 253
65 256
65 259
65 264
65 266
65 267
65 270
65 273
65 274
66 91
66 92
66 94
66 95
66 96
66 97
66 111
66 112
66 117
66 118
66 119
66 120
66 129
66 132
66 138
66 143
66 144
66 149
66 150
66 153
66 161
66 167
66 174
66 184
66 190
66 195
66 198
66 220
66 225
66 237
66 243
66 250
66 256
66 257
66 260
66 268
66 272
66 275
66 276
66 279
66 280
66 292
66 299
67 90
67 99
67 105
67 106
67 107
67 119
67 123
67 128
67 130
67 132
67 138
67 143
67 144
67 153
67 157
67 167
67 168
67 174
67 191
67 195
67 198
67 214
67 218
67 225
67 227
67 228
67 232
67 240
67 250
67 251
67 259
67 263
67 269
67 270
68 89
68 92
68 93
68 95
68 100
68 114
68 116
68 117
68 118
68 122
68 125
68 129
68 130
68 131
68 144
68 149
68 167
68 249
68 252
68 255
68 257
68 258
68 261
68 262
68 264
68 267
68 268
68 269
68 273
68 277
68 278
69 89
69 92
69 96
69 97
69 100
69 103
69 111
69 112
69 117
69 118
69 120
69 124
69 129
69 135
69 143
69 144
69 149
69 150
69 165
69 167
69 184
69 195
69 247
69 248
69 249
69 250
69 252
69 253
69 254
69 255
69 256
69 258
69 260
69 261
69 263
69 264
69 265
69 266
69 267
69 268
69 269
69 272
69 274
69 275
69 276
69 277
69 278
69 279
69 280
70 93
70 107
70 112
70 116
70 118
70 119
70 123
70 128
70 130
70 144
70 198
70 209
70 213
70 215
70 238
70 239
70 240
70 241
70 244
70 248
70 249
70 250
70 255
70 257
70 258
70 260
70 261
70 263
70 267
70 268
70 269
70 272
70 278
70 279
71 90
71 95
71 106
71 107
71 119
71 123
71 125
71 128
71 132
71 144
71 248
71 251
71 270
71 276
71 300
72 106
72 107
72 118
72 119
72 123
72 128
72 130
72 132
72 144
72 167
72 195
72 198
72 248
72 253
72 259
72 260
72 268
72 272
72 278
73 77
73 90
73 93
73 95
73 106
73 107
73 118
73 119
73 123
73 132
73 149
73 150
73 195
73 198
73 209
73 235
73 251
73 270
73 273
73 282
74 93
74 95
74 106
74 107
74 112
74 116
74 118
74 119
74 123
74 144
74 150
74 167
74 195
74 198
74 203
74 209
74 238
74 239
74 241
74 248
74 255
74 264
74 268
74 269
74 272
74 275
74 276
74 278
74 300
75 90
75 104
75 117
75 118
75 119
75 144
75 198
75 206
75 248
75 250
75 251
75 257
75 269
75 270
75 279
75 280
76 99
76 107
76 118
76 119
76 123
76 124
76 130
76 135
76 142
76 144
76 152
76 161
76 163
76 167
76 177
76 183
76 184
76 186
76 195
76 220
76 226
76 227
76 235
76 241
76 247
76 253
76 264
76 266
76 267
76 269
76 274
76 287
77 82
77 91
77 97
77 115
77 118
77 119
77 128
77 143
77 144
77 149
77 167
77 184
77 195
77 198
77 201
77 203
77 211
77 239
77 246
77 251
77 259
77 270
77 273
78 90
78 93
78 106
78 107
78 119
78 123
78 130
78 144
78 150
78 198
78 249
78 255
78 260
78 261
78 268
78 269
78 272
78 275
78 276
78 278
79 103
79 116
79 117
79 119
79 128
79 130
79 137
79 143
79 144
79 181
79 195
79 198
79 201
79 203
79 205
79 206
79 213
79 218
79 223
79 225
79 231
79 233
79 235
79 238
79 239
79 240
79 241
79 244
79 245
79 248
79 250
79 251
79 254
79 256
79 258
79 270
79 273
79 285
79 290
79 293
79 295
79 298
80 85
80 106
80 107
80 118
80 119
80 123
80 124
80 128
80 130
80 135
80 141
80 142
80 144
80 149
80 150
80 161
80 163
80 193
80 198
80 225
80 247
80 251
80 252
80 253
80 264
80 265
80 266
80 267
80 269
80 273
80 274
81 89
81 92
81 93
81 100
81 116
81 118
81 120
81 128
81 129
81 132
81 143
81 144
81 149
81 150
81 167
81 184
81 195
81 227
81 228
81 232
81 235
81 238
81 243
81 256
81 264
81 272
81 273
81 275
81 277
82 85
82 88
82 90
82 99
82 106
82 107
82 119
82 123
82 128
82 130
82 143
82 195
82 198
82 206
82 213
82 215
82 217
82 221
82 239
82 240
82 241
82 244
82 248
82 252
82 253
82 255
82 256
82 258
82 259
82 261
82 262
82 263
82 264
82 265
82 268
82 272
82 277
82 278
82 282
82 294
83 89
83 92
83 93
83 95
83 96
83 100
83 112
83 116
83 117
83 118
83 120
83 128
83 129
83 143
83 144
83 149
83 150
83 153
83 157
83 161
83 167
83 184
83 195
83 209
83 227
83 228
83 232
83 238
83 241
83 243
83 263
83 264
83 272
83 273
83 275
83 277
84 97
84 99
84 100
84 104
84 105
84 108
84 111
84 117
84 118
84 124
84 130
84 134
84 135
84 138
84 143
84 144
84 153
84 167
84 184
84 190
84 195
84 203
84 206
84 220
84 225
84 228
84 232
84 235
84 237
84 239
84 243
84 247
84 248
84 249
84 250
84 253
84 255
84 256
84 257
84 258
84 260
84 261
84 262
84 263
84 264
84 266
84 267
84 268
84 271
84 272
84 275
84 277
84 278
84 279
84 280
84 299
85 90
85 93
85 101
85 106
85 114
85 118
85 119
85 120
85 121
85 127
85 128
85 129
85 130
85 150
85 198
85 209
85 238
85 246
85 251
85 259
85 260
85 270
86 89
86 92
86 97
86 100
86 101
86 113
86 117
86 118
86 120
86 127
86 128
86 129
86 130
86 143
86 144
86 149
86 150
86 167
86 195
86 203
86 235
86 246
86 248
86 249
86 261
86 263
86 269
86 272
86 273
86 277
87 89
87 90
87 100
87 108
87 117
87 118
87 144
87 198
87 206
87 248
87 251
87 257
87 258
87 259
87 269
87 270
88 89
88 90
88 91
88 92
88 93
88 94
88 96
88 97
88 98
88 99
88 100
88 101
88 104
88 105
88 106
88 110
88 111
88 113
88 114
88 118
88 120
88 121
88 122
88 125
88 126
88 127
88 128
88 129
88 130
88 131
88 133
88 134
88 136
88 143
88 144
88 149
88 150
88 167
88 172
88 177
88 195
88 200
88 201
88 209
88 225
88 243
88 246
88 251
88 259
88 273
88 276
89 90
89 99
89 103
89 105
89 106
89 107
89 109
89 118
89 119
89 120
89 123
89 124
89 128
89 130
89 133
89 134
89 135
89 136
89 149
89 150
89 171
89 174
89 181
89 184
89 198
89 201
89 203
89 208
89 225
89 238
89 243
89 247
89 248
89 249
89 250
89 252
89 253
89 254
89 255
89 259
89 260
89 263
89 264
89 265
89 267
89 268
89 270
89 271
89 272
89 273
89 275
89 277
89 279
90 91
90 92
90 93
90 94
90 95
90 96
90 97
90 98
90 100
90 101
90 102
90 103
90 104
90 105
90 108
90 110
90 111
90 112
90 113
90 114
90 116
90 117
90 118
90 120
90 121
90 122
90 124
90 125
90 126
90 127
90 129
90 130
90 131
90 133
90 134
90 135
90 136
90 138
90 150
90 153
90 157
90 161
90 165
90 182
90 184
90 186
90 193
90 194
90 198
90 202
90 203
90 205
90 207
90 208
90 209
90 211
90 214
90 215
90 218
90 219
90 220
90 222
90 223
90 225
90 227
90 228
90 229
90 232
90 233
90 235
90 237
90 238
90 243
90 247
90 250
90 252
90 253
90 256
90 264
90 265
90 266
90 267
90 270
90 272
90 273
90 274
90 275
91 99
91 102
91 103
91 105
91 106
91 107
91 109
91 118
91 119
91 120
91 123
91 124
91 128
91 130
91 149
91 150
91 153
91 157
91 174
91 184
91 190
91 197
91 201
91 205
91 208
91 209
91 213
91 215
91 218
91 223
91 224
91 225
91 227
91 231
91 232
91 233
91 234
91 238
91 242
91 243
91 247
91 248
91 251
91 253
91 254
91 255
91 263
91 267
91 270
91 273
91 274
92 99
92 105
92 106
92 107
92 109
92 118
92 119
92 120
92 123
92 124
92 128
92 130
92 134
92 149
92 150
92 178
92 208
92 232
92 238
92 247
92 248
92 249
92 250
92 253
92 254
92 255
92 256
92 258
92 259
92 263
92 264
92 265
92 267
92 271
92 273
92 274
92 276
92 277
92 278
92 279
92 280
93 96
93 99
93 103
93 105
93 106
93 107
93 109
93 118
93 119
93 120
93 123
93 124
93 128
93 130
93 133
93 134
93 135
93 136
93 138
93 139
93 149
93 150
93 153
93 165
93 171
93 174
93 181
93 187
93 193
93 194
93 197
93 201
93 202
93 207
93 208
93 209
93 213
93 225
93 227
93 232
93 237
93 238
93 239
93 240
93 242
93 243
93 245
93 248
93 249
93 250
93 255
93 256
93 257
93 258
93 259
93 260
93 263
93 266
93 268
93 270
93 271
93 272
93 275
93 277
93 278
93 279
93 280
94 99
94 102
94 106
94 107
94 109
94 118
94 119
94 120
94 123
94 124
94 128
94 130
94 133
94 134
94 135
94 136
94 142
94 149
94 150
94 157
94 158
94 163
94 172
94 179
94 183
94 184
94 186
94 187
94 193
94 194
94 198
94 199
94 200
94 201
94 209
94 211
94 213
94 218
94 219
94 224
94 225
94 228
94 230
94 232
94 233
94 236
94 242
94 243
94 247
94 251
94 252
94 253
94 254
94 255
94 256
94 258
94 260
94 264
94 265
94 267
94 268
94 269
94 270
94 271
94 272
94 273
94 274
94 277
94 279
95 99
95 105
95 106
95 107
95 109
95 118
95 119
95 120
95 123
95 124
95 128
95 130
95 133
95 136
95 138
95 139
95 141
95 142
95 143
95 146
95 148
95 149
95 150
95 155
95 157
95 160
95 163
95 173
95 178
95 181
95 193
95 196
95 197
95 201
95 208
95 209
95 211
95 232
95 238
95 247
95 251
95 253
95 254
95 255
95 256
95 263
95 267
95 273
95 274
96 99
96 103
96 105
96 106
96 107
96 109
96 118
96 119
96 120
96 123
96 124
96 128
96 130
96 134
96 138
96 139
96 141
96 150
96 161
96 171
96 172
96 174
96 181
96 184
96 189
96 190
96 193
96 197
96 201
96 203
96 208
96 209
96 214
96 215
96 216
96 219
96 220
96 221
96 222
96 223
96 224
96 225
96 228
96 229
96 230
96 232
96 235
96 236
96 237
96 243
96 245
96 247
96 248
96 254
96 255
96 256
96 260
96 263
96 264
96 265
96 267
96 271
96 273
96 276
96 277
97 99
97 103
97 105
97 106
97 107
97 109
97 118
97 119
97 120
97 123
97 124
97 128
97 130
97 133
97 135
97 136
97 138
97 139
97 141
97 143
97 145
97 149
97 150
97 153
97 157
97 161
97 169
97 171
97 172
97 174
97 178
97 181
97 189
97 190
97 193
97 194
97 197
97 200
97 201
97 205
97 206
97 208
97 209
97 211
97 213
97 214
97 216
97 218
97 219
97 221
97 224
97 225
97 229
97 230
97 231
97 233
97 237
97 238
97 239
97 240
97 241
97 242
97 243
97 244
97 247
97 248
97 249
97 250
97 252
97 253
97 254
97 255
97 260
97 263
97 264
97 265
97 267
97 268
97 271
97 272
97 274
97 275
97 277
97 278
97 279
97 280
98 105
98 106
98 107
98 109
98 118
98 119
98 120
98 123
98 124
98 128
98 130
98 134
98 136
98 150
98 157
98 174
98 178
98 179
98 181
98 189
98 190
98 193
98 200
98 209
98 224
98 232
98 251
98 254
98 255
98 259
98 267
98 270
98 273
99 100
99 101
99 102
99 103
99 104
99 105
99 108
99 109
99 110
99 111
99 112
99 113
99 114
99 115
99 116
99 117
99 118
99 120
99 121
99 122
99 124
99 125
99 126
99 127
99 129
99 131
99 133
99 134
99 135
99 136
99 138
99 141
99 142
99 149
99 150
99 153
99 158
99 168
99 172
99 174
99 181
99 187
99 191
99 193
99 194
99 198
99 199
99 200
99 201
99 202
99 203
99 204
99 206
99 208
99 209
99 211
99 213
99 219
99 221
99 224
99 225
99 228
99 230
99 232
99 233
99 238
99 242
99 243
99 246
99 250
99 255
99 256
99 258
99 260
99 261
99 265
99 268
99 270
99 273
99 276
100 103
100 105
100 106
100 107
100 109
100 118
100 119
100 120
100 123
100 124
100 128
100 130
100 133
100 134
100 135
100 136
100 138
100 149
100 150
100 153
100 184
100 193
100 198
100 208
100 209
100 225
100 243
100 247
100 248
100 252
100 253
100 254
100 255
100 259
100 260
100 263
100 264
100 265
100 267
100 268
100 270
100 271
100 272
100 273
100 279
101 103
101 105
101 106
101 107
101 109
101 118
101 119
101 120
101 123
101 124
101 128
101 130
101 139
101 141
101 149
101 150
101 161
101 172
101 181
101 189
101 201
101 208
101 209
101 214
101 215
101 223
101 224
101 229
101 238
101 239
101 242
101 243
101 247
101 248
101 249
101 253
101 254
101 255
101 259
101 260
101 263
101 264
101 265
101 267
101 268
101 270
101 271
101 272
101 273
101 274
101 277
101 279
101 280
102 103
102 105
102 106
102 107
102 118
102 119
102 120
102 123
102 124
102 128
102 130
102 135
102 165
102 248
102 249
102 250
102 255
102 256
102 257
102 258
102 260
102 263
102 266
102 268
102 271
102 272
102 275
102 276
102 277
102 279
102 280
103 104
103 106
103 107
103 111
103 113
103 114
103 115
103 116
103 117
103 119
103 122
103 123
103 126
103 127
103 128
103 129
103 130
103 131
103 132
103 137
103 140
103 142
103 143
103 144
103 145
103 146
103 147
103 148
103 149
103 151
103 152
103 153
103 154
103 155
103 156
103 157
103 158
103 159
103 160
103 164
103 166
103 167
103 168
103 169
103 170
103 173
103 174
103 175
103 176
103 177
103 178
103 179
103 180
103 183
103 185
103 186
103 188
103 192
103 194
103 195
103 196
103 198
103 199
103 200
103 203
103 204
103 229
103 240
103 250
103 252
103 253
103 254
103 256
103 264
103 265
103 266
103 267
103 269
103 274
103 276
103 282
103 288
103 290
103 293
103 295
103 296
104 105
104 106
104 107
104 118
104 119
104 120
104 123
104 124
104 128
104 130
104 133
104 134
104 135
104 136
104 138
104 139
104 145
104 146
104 153
104 155
104 157
104 160
104 166
104 169
104 172
104 174
104 177
104 178
104 179
104 181
104 184
104 189
104 190
104 193
104 195
104 197
104 198
104 200
104 201
104 208
104 225
104 232
104 243
104 251
104 254
104 259
104 267
104 270
104 273
104 290
105 106
105 107
105 108
105 109
105 110
105 111
105 112
105 113
105 114
105 115
105 116
105 117
105 119
105 121
105 122
105 123
105 125
105 126
105 127
105 128
105 129
105 130
105 131
105 132
105 137
105 140
105 141
105 144
105 147
105 150
105 151
105 152
105 154
105 156
105 159
105 161
105 162
105 164
105 165
105 166
105 167
105 170
105 172
105 175
105 176
105 177
105 179
105 180
105 185
105 186
105 188
105 189
105 192
105 195
105 211
105 216
105 217
105 218
105 229
105 249
105 250
105 251
105 252
105 254
105 255
105 258
105 259
105 265
105 268
105 269
105 270
105 276
105 278
105 282
105 290
105 293
105 295
105 296
106 108
106 109
106 110
106 111
106 112
106 113
106 114
106 115
106 116
106 117
106 118
106 120
106 121
106 122
106 124
106 125
106 126
106 127
106 131
106 134
106 150
106 184
106 211
106 222
106 225
106 243
106 246
106 250
106 251
106 256
106 257
106 258
106 261
106 268
106 269
106 272
106 275
106 276
106 277
106 279
106 280
106 298
107 108
107 109
107 110
107 111
107 112
107 113
107 114
107 115
107 116
107 117
107 118
107 120
107 121
107 122
107 124
107 125
107 126
107 127
107 129
107 131
107 133
107 134
107 135
107 136
107 138
107 141
107 149
107 150
107 153
107 174
107 184
107 193
107 198
107 208
107 209
107 225
107 243
107 246
107 250
107 251
107 256
107 257
107 273
107 275
107 279
107 280
108 118
108 119
108 120
108 123
108 124
108 128
108 130
108 134
108 184
108 211
108 232
108 251
108 254
108 255
108 267
108 270
108 273
109 110
109 111
109 112
109 114
109 115
109 116
109 117
109 118
109 119
109 120
109 121
109 122
109 123
109 125
109 126
109 127
109 128
109 129
109 130
109 131
109 143
109 149
109 150
109 209
109 238
109 263
109 293
110 118
110 119
110 120
110 123
110 124
110 128
110 130
110 134
110 149
110 150
110 157
110 177
110 197
110 208
110 232
110 238
110 243
110 247
110 248
110 250
110 251
110 253
110 254
110 255
110 256
110 258
110 259
110 264
110 265
110 267
110 270
110 273
110 276
110 277
110 290
111 118
111 119
111 120
111 123
111 124
111 128
111 130
111 134
111 135
111 150
111 157
111 165
111 174
111 177
111 181
111 184
111 190
111 200
111 201
111 209
111 211
111 218
111 225
111 228
111 243
111 248
111 249
111 254
111 255
111 257
111 258
111 260
111 263
111 268
111 270
111 272
111 275
111 277
111 279
112 118
112 119
112 120
112 123
112 124
112 128
112 130
112 134
112 139
112 149
112 150
112 153
112 157
112 175
112 178
112 197
112 206
112 208
112 209
112 213
112 224
112 232
112 237
112 238
112 247
112 251
112 254
112 255
112 256
112 259
112 267
112 270
112 273
113 118
113 119
113 120
113 123
113 124
113 128
113 130
113 134
113 135
113 141
113 149
113 150
113 161
113 201
113 203
113 208
113 209
113 226
113 243
113 248
113 249
113 250
113 254
113 255
113 256
113 257
113 258
113 260
113 263
113 266
113 268
113 271
113 272
113 275
113 276
113 277
113 279
113 280
114 118
114 119
114 120
114 123
114 124
114 128
114 130
114 133
114 134
114 136
114 138
114 141
114 149
114 150
114 154
114 161
114 171
114 172
114 174
114 181
114 187
114 189
114 193
114 197
114 201
114 205
114 208
114 209
114 211
114 214
114 216
114 219
114 221
114 223
114 224
114 225
114 227
114 228
114 230
114 238
114 239
114 241
114 242
114 243
114 244
114 245
114 247
114 248
114 249
114 250
114 251
114 253
114 254
114 255
114 257
114 259
114 260
114 263
114 264
114 265
114 267
114 270
114 271
114 272
114 274
114 275
114 277
114 278
114 279
114 280
115 118
115 120
115 123
115 124
115 127
115 128
115 129
115 130
115 134
115 153
115 157
115 174
115 184
115 197
115 203
115 205
115 206
115 208
115 210
115 211
115 213
115 215
115 218
115 223
115 224
115 225
115 226
115 227
115 229
115 231
115 232
115 233
115 234
115 237
115 241
115 242
115 243
115 244
115 245
115 252
115 255
115 263
115 267
115 269
115 273
115 274
116 118
116 119
116 120
116 123
116 124
116 128
116 130
116 134
116 138
116 139
116 149
116 150
116 153
116 157
116 167
116 171
116 174
116 175
116 178
116 191
116 197
116 206
116 208
116 209
116 210
116 224
116 225
116 227
116 232
116 233
116 237
116 238
116 239
116 240
116 241
116 244
116 245
116 247
116 248
116 250
116 251
116 253
116 254
116 255
116 256
116 258
116 267
116 273
116 274
116 276
116 278
117 118
117 119
117 120
117 123
117 124
117 128
117 130
117 134
117 135
117 136
117 138
117 149
117 150
117 153
117 182
117 184
117 193
117 198
117 201
117 203
117 205
117 209
117 214
117 218
117 219
117 221
117 223
117 225
117 228
117 230
117 237
117 243
117 248
117 253
117 254
117 255
117 259
117 260
117 263
117 264
117 267
117 268
117 271
117 273
117 277
118 119
118 121
118 122
118 123
118 125
118 126
118 127
118 128
118 129
118 130
118 131
118 132
118 135
118 137
118 139
118 140
118 141
118 142
118 143
118 144
118 145
118 146
118 147
118 148
118 151
118 152
118 155
118 156
118 157
118 159
118 160
118 161
118 162
118 163
118 164
118 165
118 166
118 167
118 168
118 169
118 170
118 172
118 173
118 175
118 176
118 177
118 180
118 183
118 185
118 188
118 189
118 191
118 192
118 195
118 196
118 199
118 202
118 203
118 210
118 211
118 213
118 214
118 215
118 216
118 217
118 218
118 219
118 226
118 228
118 233
118 236
118 239
118 240
118 241
118 243
118 244
118 245
118 248
118 249
118 250
118 251
118 252
118 255
118 256
118 257
118 258
118 259
118 262
118 264
118 265
118 268
118 270
118 271
118 276
118 277
118 278
118 290
118 293
118 295
118 296
118 299
119 120
119 121
119 122
119 124
119 125
119 126
119 127
119 129
119 131
119 133
119 134
119 135
119 136
119 138
119 149
119 150
119 153
119 174
119 184
119 193
119 198
119 208
119 209
119 225
119 243
119 246
119 248
119 250
119 251
119 257
119 258
119 259
119 268
119 274
119 276
119 278
119 280
120 121
120 122
120 123
120 125
120 126
120 127
120 128
120 129
120 130
120 131
120 132
120 137
120 140
120 143
120 144
120 145
120 146
120 148
120 151
120 152
120 153
120 155
120 156
120 157
120 159
120 160
120 164
120 165
120 166
120 167
120 168
120 169
120 170
120 173
120 174
120 175
120 176
120 177
120 178
120 179
120 180
120 181
120 182
120 183
120 185
120 186
120 188
120 191
120 192
120 195
120 196
120 197
120 202
120 218
120 226
120 229
120 232
120 237
120 240
120 248
120 249
120 250
120 257
120 263
120 268
120 269
120 270
120 273
120 275
120 276
120 278
120 282
120 290
120 293
120 295
120 296
121 123
121 128
121 130
121 134
121 150
121 209
121 225
121 243
121 247
121 248
121 249
121 250
121 252
121 253
121 254
121 255
121 258
121 260
121 264
121 265
121 267
121 268
121 270
121 271
121 272
121 275
121 277
121 279
121 280
121 282
121 283
121 288
122 123
122 124
122 128
122 130
122 133
122 134
122 135
122 136
122 138
122 149
122 150
122 165
122 174
122 187
122 193
122 202
122 208
122 209
122 223
122 251
122 255
122 256
122 260
122 263
122 266
122 270
122 271
122 272
122 273
122 277
122 278
123 124
123 125
123 126
123 127
123 129
123 131
123 134
123 135
123 136
123 138
123 150
123 153
123 182
123 184
123 190
123 193
123 198
123 201
123 205
123 209
123 211
123 214
123 220
123 221
123 223
123 225
123 228
123 237
123 238
123 243
123 246
123 247
123 249
123 250
123 251
123 256
123 257
123 258
123 273
123 274
123 275
123 276
123 277
123 278
123 280
124 125
124 126
124 127
124 128
124 129
124 131
124 132
124 137
124 138
124 139
124 140
124 141
124 144
124 145
124 146
124 148
124 149
124 150
124 151
124 152
124 153
124 155
124 156
124 159
124 160
124 161
124 162
124 163
124 164
124 166
124 167
124 168
124 169
124 170
124 171
124 172
124 173
124 175
124 176
124 177
124 179
124 180
124 181
124 182
124 183
124 185
124 186
124 188
124 189
124 191
124 192
124 195
124 196
124 198
124 199
124 200
124 202
124 206
124 207
124 214
124 216
124 229
124 230
124 239
124 240
124 247
124 249
124 250
124 251
124 252
124 253
124 254
124 256
124 257
124 264
124 265
124 266
124 267
124 269
124 270
124 272
124 273
124 274
124 275
124 276
124 277
124 278
124 280
124 282
124 290
124 293
124 295
124 296
125 128
125 130
125 133
125 134
125 138
125 149
125 174
125 197
125 208
125 232
125 238
125 251
125 254
125 267
125 270
125 273
126 128
126 130
126 134
126 136
126 138
126 147
126 149
126 157
126 178
126 179
126 181
126 184
126 189
126 190
126 193
126 197
126 200
126 201
126 209
126 224
126 227
126 232
126 247
126 248
126 252
126 253
126 254
126 256
126 258
126 263
126 264
126 265
126 267
126 271
126 272
126 279
127 128
127 130
127 134
127 139
127 141
127 150
127 154
127 157
127 161
127 172
127 174
127 189
127 197
127 201
127 205
127 208
127 209
127 211
127 214
127 216
127 219
127 223
127 224
127 228
127 230
127 232
127 237
127 238
127 239
127 242
127 243
127 247
127 248
127 254
127 255
127 256
127 258
127 259
127 264
127 267
127 270
127 271
127 273
127 277
128 129
128 131
128 133
128 134
128 135
128 136
128 146
128 149
128 155
128 157
128 165
128 169
128 172
128 174
128 177
128 178
128 179
128 183
128 184
128 186
128 187
128 189
128 190
128 193
128 194
128 196
128 197
128 198
128 200
128 201
128 202
128 207
128 208
128 209
128 211
128 213
128 223
128 224
128 225
128 232
128 233
128 239
128 240
128 242
128 243
128 246
128 247
128 248
128 249
128 250
128 252
128 253
128 254
128 255
128 256
128 257
128 259
128 260
128 263
128 264
128 265
128 266
128 267
128 271
128 272
128 274
128 275
128 276
128 277
129 130
129 133
129 134
129 135
129 136
129 139
129 145
129 149
129 150
129 157
129 165
129 169
129 174
129 178
129 179
129 181
129 184
129 190
129 193
129 198
129 202
129 203
129 208
129 209
129 224
129 225
129 232
129 237
129 243
129 248
129 249
129 250
129 255
129 256
129 257
129 258
129 259
129 260
129 263
129 266
129 268
129 271
129 272
129 275
129 276
129 277
129 279
129 280
130 131
130 133
130 136
130 138
130 139
130 141
130 142
130 149
130 150
130 153
130 163
130 171
130 181
130 184
130 190
130 193
130 197
130 201
130 208
130 211
130 225
130 231
130 232
130 238
130 239
130 240
130 242
130 246
130 248
130 249
130 250
130 251
130 252
130 254
130 257
130 268
130 270
130 272
130 274
130 275
130 276
130 277
130 278
130 279
130 280
131 133
131 135
131 136
131 138
131 149
131 150
131 165
131 174
131 187
131 193
131 202
131 208
131 209
131 249
131 255
131 256
131 258
131 259
131 260
131 263
131 266
131 270
131 271
131 272
131 273
131 279
131 280
132 172
132 201
132 202
132 203
132 204
132 205
132 206
132 207
132 208
132 209
132 211
132 212
132 213
132 214
132 215
132 216
132 217
132 218
132 219
132 220
132 221
132 222
132 223
132 224
132 225
132 226
132 228
132 230
132 231
132 232
132 233
132 235
132 236
132 237
132 238
132 239
132 240
132 241
132 243
132 244
132 245
132 263
132 269
132 281
132 282
132 283
132 284
132 285
132 286
132 287
132 289
132 291
132 292
132 294
132 295
132 297
132 298
132 299
132 300
133 204
133 212
133 229
133 251
133 264
133 270
133 276
133 278
133 285
133 289
133 292
133 298
133 299
133 300
134 165
134 204
134 205
134 206
134 207
134 212
134 220
134 221
134 231
134 233
134 236
134 238
134 239
134 241
134 244
134 245
134 247
134 248
134 249
134 250
134 253
134 255
134 256
134 259
134 260
134 264
134 266
134 270
134 271
134 272
134 274
134 275
134 276
134 277
134 284
134 289
134 292
134 293
134 298
135 149
135 159
135 189
135 205
135 206
135 207
135 212
135 220
135 222
135 229
135 231
135 236
135 238
135 247
135 251
135 252
135 253
135 254
135 256
135 264
135 265
135 266
135 267
135 275
135 276
135 281
135 283
135 284
135 285
135 286
135 287
135 288
135 289
135 290
135 291
135 292
135 293
135 294
135 297
135 298
135 299
135 300
136 215
136 220
136 222
136 236
136 251
136 256
136 264
136 270
136 276
136 278
136 281
136 284
136 285
136 289
136 292
136 294
136 298
136 299
136 300
137 208
137 211
137 213
137 214
137 215
137 218
137 220
137 222
137 223
137 233
137 236
137 237
137 281
137 284
137 285
137 287
137 289
137 291
137 294
137 297
137 298
137 299
137 300
138 204
138 208
138 211
138 220
138 222
138 229
138 238
138 251
138 259
138 281
138 284
138 285
138 289
138 292
138 294
138 298
138 299
138 300
139 202
139 204
139 206
139 207
139 211
139 212
139 218
139 222
139 229
139 231
139 234
139 236
139 240
139 269
139 275
139 284
139 285
139 286
139 289
139 293
139 299
139 300
140 202
140 204
140 205
140 207
140 208
140 211
140 212
140 214
140 215
140 216
140 218
140 220
140 221
140 222
140 231
140 232
140 234
140 236
140 237
140 238
140 239
140 241
140 242
140 244
140 245
140 251
140 254
140 275
140 281
140 284
140 285
140 286
140 288
140 289
140 291
140 294
140 297
140 298
140 299
140 300
141 202
141 203
141 204
141 207
141 210
141 215
141 217
141 218
141 220
141 222
141 226
141 231
141 232
141 234
141 236
141 240
141 281
141 284
141 286
141 287
141 289
141 291
141 293
141 294
141 297
141 298
141 299
141 300
142 204
142 206
142 207
142 212
142 213
142 214
142 215
142 218
142 220
142 222
142 223
142 231
142 233
142 236
142 238
142 241
142 244
142 245
142 251
142 264
142 275
142 276
142 281
142 289
142 292
142 294
142 298
142 299
142 300
143 203
143 204
143 205
143 206
143 207
143 209
143 211
143 212
143 214
143 215
143 218
143 219
143 220
143 221
143 222
143 223
143 228
143 230
143 231
143 233
143 236
143 237
143 238
143 241
143 243
143 244
143 263
143 281
143 285
143 286
143 287
143 288
143 291
143 292
143 294
143 295
143 297
143 299
143 300
144 165
144 202
144 204
144 205
144 206
144 207
144 208
144 209
144 211
144 212
144 215
144 220
144 222
144 223
144 226
144 231
144 233
144 235
144 236
144 237
144 238
144 239
144 244
144 263
144 269
144 281
144 283
144 285
144 286
144 287
144 288
144 290
144 291
144 292
144 293
144 294
144 297
144 299
144 300
145 204
145 205
145 206
145 207
145 208
145 209
145 210
145 211
145 212
145 213
145 214
145 215
145 218
145 219
145 220
145 221
145 222
145 223
145 230
145 231
145 233
145 235
145 236
145 237
145 238
145 239
145 240
145 241
145 243
145 244
145 245
145 254
145 269
145 278
145 281
145 284
145 285
145 286
145 288
145 291
145 292
145 294
145 297
145 298
145 299
145 300
146 202
146 203
146 204
146 205
146 206
146 207
146 210
146 211
146 212
146 213
146 214
146 215
146 218
146 220
146 222
146 223
146 226
146 231
146 233
146 234
146 236
146 237
146 238
146 239
146 241
146 244
146 254
146 284
146 285
146 286
146 287
146 288
146 289
146 292
146 293
146 294
146 297
146 299
146 300
147 201
147 202
147 203
147 204
147 205
147 206
147 207
147 208
147 209
147 212
147 213
147 214
147 215
147 216
147 218
147 219
147 220
147 221
147 222
147 223
147 230
147 231
147 236
147 237
147 238
147 239
147 241
147 243
147 244
147 245
147 254
147 273
147 281
147 283
147 284
147 285
147 286
147 287
147 288
147 289
147 291
147 294
147 297
147 298
147 299
147 300
148 201
148 202
148 203
148 204
148 205
148 206
148 207
148 208
148 209
148 211
148 212
148 213
148 214
148 215
148 219
148 220
148 221
148 222
148 223
148 226
148 230
148 231
148 233
148 234
148 236
148 237
148 238
148 239
148 240
148 241
148 244
148 245
148 254
148 269
148 284
148 285
148 286
148 287
148 288
148 289
148 292
148 293
148 294
148 297
148 299
148 300
149 202
149 203
149 204
149 205
149 206
149 207
149 208
149 211
149 212
149 213
149 214
149 215
149 216
149 218
149 219
149 220
149 221
149 222
149 223
149 228
149 230
149 231
149 233
149 234
149 235
149 236
149 237
149 239
149 240
149 241
149 243
149 244
149 245
149 295
150 165
150 211
150 229
150 253
150 269
150 275
150 282
150 293
150 296
151 202
151 203
151 204
151 205
151 206
151 207
151 208
151 209
151 210
151 211
151 212
151 213
151 214
151 215
151 218
151 219
151 220
151 221
151 222
151 223
151 228
151 230
151 231
151 233
151 234
151 235
151 236
151 237
151 238
151 239
151 240
151 241
151 242
151 243
151 244
151 245
151 255
151 281
151 285
151 286
151 288
151 289
151 291
151 292
151 293
151 294
151 297
151 298
151 299
151 300
152 201
152 202
152 203
152 204
152 205
152 206
152 207
152 208
152 209
152 211
152 212
152 213
152 214
152 215
152 216
152 217
152 218
152 219
152 220
152 221
152 222
152 223
152 224
152 228
152 230
152 231
152 232
152 233
152 234
152 236
152 237
152 238
152 239
152 240
152 241
152 244
152 245
152 254
152 284
152 285
152 286
152 287
152 288
152 289
152 291
152 292
152 294
152 297
152 298
152 299
152 300
153 165
153 204
153 205
153 220
153 222
153 231
153 233
153 238
153 239
153 241
153 244
153 251
153 275
153 285
153 298
153 299
154 207
154 213
154 225
154 229
154 239
154 254
154 275
154 281
154 284
154 285
154 286
154 287
154 289
154 291
154 292
154 297
154 298
154 299
154 300
155 204
155 205
155 207
155 211
155 212
155 215
155 220
155 222
155 223
155 226
155 233
155 235
155 236
155 239
155 251
155 284
155 285
155 287
155 288
155 289
155 292
155 293
155 299
155 300
156 204
156 205
156 206
156 207
156 208
156 210
156 211
156 212
156 213
156 214
156 215
156 218
156 220
156 222
156 223
156 226
156 233
156 234
156 236
156 237
156 238
156 239
156 244
156 251
156 281
156 283
156 284
156 285
156 286
156 287
156 288
156 289
156 291
156 292
156 293
156 294
156 297
156 298
156 299
156 300
157 220
157 222
157 229
157 251
157 264
157 273
157 275
157 281
157 285
157 289
157 298
158 202
158 204
158 206
158 207
158 212
158 214
158 215
158 216
158 218
158 220
158 222
158 223
158 231
158 233
158 236
158 238
158 239
158 241
158 244
158 245
158 254
158 276
158 281
158 283
158 284
158 285
158 286
158 287
158 289
158 291
158 294
158 297
158 298
158 299
158 300
159 202
159 203
159 205
159 206
159 207
159 211
159 212
159 213
159 214
159 215
159 217
159 218
159 220
159 222
159 226
159 231
159 233
159 234
159 236
159 238
159 241
159 244
159 269
159 281
159 282
159 284
159 285
159 286
159 291
159 294
159 297
159 298
159 300
160 202
160 203
160 204
160 205
160 206
160 207
160 208
160 209
160 211
160 212
160 213
160 214
160 215
160 216
160 218
160 219
160 220
160 221
160 222
160 223
160 228
160 230
160 231
160 233
160 234
160 235
160 236
160 237
160 238
160 239
160 240
160 241
160 243
160 244
160 245
160 254
160 255
160 284
160 285
160 286
160 287
160 288
160 289
160 291
160 292
160 293
160 294
160 297
160 299
160 300
161 165
161 229
161 248
161 251
161 253
161 267
161 275
161 285
161 289
161 294
161 300
162 222
162 229
162 284
162 286
162 289
162 293
162 299
162 300
163 202
163 204
163 205
163 206
163 207
163 208
163 212
163 213
163 214
163 215
163 216
163 218
163 220
163 222
163 223
163 233
163 236
163 238
163 239
163 241
163 243
163 244
163 245
163 251
163 276
163 281
163 289
163 292
163 294
163 298
163 299
163 300
164 204
164 205
164 206
164 207
164 208
164 209
164 211
164 212
164 213
164 214
164 215
164 218
164 220
164 222
164 223
164 231
164 233
164 235
164 236
164 237
164 239
164 241
164 244
164 245
164 269
164 284
164 285
164 286
164 287
164 289
164 291
164 292
164 294
164 297
164 298
164 299
164 300
165 174
165 198
165 203
165 204
165 205
165 206
165 207
165 208
165 210
165 212
165 213
165 214
165 215
165 217
165 218
165 220
165 221
165 222
165 223
165 225
165 230
165 231
165 232
165 233
165 236
165 237
165 238
165 239
165 240
165 241
165 243
165 244
165 245
165 247
165 252
165 253
165 254
165 264
165 265
165 266
165 267
165 269
165 281
165 283
165 284
165 285
165 287
165 288
165 289
165 290
165 292
165 293
165 294
165 295
165 298
165 299
165 300
166 204
166 205
166 206
166 207
166 208
166 209
166 211
166 212
166 213
166 214
166 215
166 218
166 219
166 220
166 221
166 222
166 223
166 224
166 226
166 230
166 231
166 233
166 235
166 236
166 238
166 239
166 240
166 241
166 243
166 244
166 245
166 269
166 275
166 281
166 284
166 285
166 286
166 289
166 291
166 292
166 297
166 298
166 299
166 300
167 201
167 202
167 203
167 204
167 205
167 206
167 207
167 209
167 211
167 212
167 214
167 215
167 216
167 218
167 219
167 220
167 221
167 222
167 223
167 226
167 227
167 228
167 230
167 231
167 232
167 233
167 234
167 235
167 236
167 237
167 239
167 243
167 263
167 281
167 283
167 284
167 285
167 286
167 287
167 288
167 289
167 290
167 291
167 292
167 294
167 296
167 297
167 299
167 300
168 204
168 205
168 208
168 211
168 212
168 215
168 216
168 220
168 222
168 223
168 231
168 234
168 235
168 236
168 238
168 239
168 241
168 244
168 245
168 254
168 281
168 283
168 284
168 286
168 287
168 288
168 289
168 291
168 294
168 297
168 298
168 299
168 300
169 204
169 205
169 206
169 207
169 209
169 212
169 213
169 214
169 215
169 218
169 219
169 220
169 221
169 222
169 223
169 230
169 231
169 233
169 235
169 236
169 238
169 239
169 240
169 241
169 244
169 245
169 251
169 281
169 284
169 285
169 286
169 287
169 291
169 292
169 294
169 297
169 298
169 299
169 300
170 201
170 203
170 204
170 205
170 206
170 207
170 208
170 209
170 212
170 213
170 214
170 215
170 216
170 218
170 219
170 220
170 221
170 222
170 223
170 224
170 226
170 230
170 231
170 232
170 233
170 235
170 236
170 237
170 238
170 239
170 240
170 241
170 244
170 245
170 269
170 281
170 284
170 286
170 287
170 289
170 291
170 292
170 294
170 297
170 298
170 299
170 300
171 202
171 207
171 211
171 222
171 226
171 229
171 236
171 282
171 284
171 285
171 286
171 287
171 288
171 289
171 290
171 293
171 296
171 298
171 299
171 300
172 207
172 220
172 229
172 255
172 276
172 293
172 298
172 299
173 201
173 203
173 204
173 205
173 206
173 207
173 209
173 211
173 212
173 213
173 214
173 215
173 218
173 219
173 220
173 221
173 222
173 223
173 224
173 226
173 230
173 231
173 232
173 233
173 236
173 237
173 238
173 239
173 241
173 243
173 244
173 245
173 251
173 255
173 269
173 281
173 282
173 284
173 285
173 286
173 287
173 289
173 291
173 292
173 294
173 297
173 298
173 299
173 300
174 204
174 205
174 209
174 212
174 220
174 222
174 231
174 233
174 238
174 239
174 241
174 244
174 245
174 249
174 251
174 256
174 264
174 275
174 276
174 278
174 281
174 285
174 289
174 298
174 299
175 204
175 205
175 206
175 207
175 208
175 211
175 212
175 215
175 220
175 222
175 223
175 226
175 231
175 233
175 235
175 236
175 237
175 239
175 243
175 251
175 255
175 275
175 284
175 286
175 287
175 288
175 289
175 292
175 294
175 297
175 298
175 300
176 204
176 205
176 207
176 208
176 211
176 215
176 220
176 222
176 223
176 226
176 233
176 235
176 236
176 251
176 254
176 284
176 285
176 286
176 287
176 288
176 289
176 292
176 293
176 294
176 297
176 299
176 300
177 202
177 203
177 204
177 205
177 206
177 207
177 208
177 209
177 211
177 212
177 213
177 214
177 215
177 217
177 218
177 219
177 220
177 221
177 222
177 223
177 224
177 228
177 230
177 231
177 232
177 233
177 234
177 236
177 237
177 238
177 239
177 240
177 241
177 244
177 245
177 254
177 271
177 284
177 285
177 286
177 287
177 288
177 289
177 291
177 292
177 294
177 297
177 299
177 300
178 204
178 205
178 207
178 211
178 215
178 220
178 222
178 223
178 233
178 251
178 255
178 295
178 299
179 203
179 205
179 206
179 207
179 208
179 211
179 213
179 215
179 220
179 222
179 223
179 231
179 233
179 239
179 243
179 251
179 270
179 275
179 276
179 278
179 281
179 285
179 286
179 287
179 288
179 289
179 292
179 294
179 297
179 298
179 300
180 204
180 207
180 208
180 209
180 211
180 212
180 214
180 215
180 216
180 218
180 219
180 220
180 221
180 222
180 223
180 230
180 231
180 234
180 236
180 237
180 238
180 243
180 284
180 285
180 286
180 288
180 289
180 291
180 293
180 298
180 300
181 204
181 205
181 206
181 207
181 210
181 211
181 212
181 213
181 214
181 215
181 217
181 218
181 220
181 222
181 223
181 226
181 227
181 231
181 233
181 234
181 235
181 236
181 238
181 239
181 241
181 244
181 245
181 254
181 255
181 258
181 281
181 284
181 285
181 287
181 292
181 294
181 296
181 298
181 299
181 300
182 213
182 215
182 218
182 229
182 233
182 239
182 281
182 284
182 285
182 286
182 289
182 290
182 298
182 299
182 300
183 201
183 204
183 205
183 206
183 207
183 212
183 213
183 214
183 215
183 218
183 219
183 220
183 221
183 222
183 230
183 231
183 232
183 233
183 236
183 238
183 239
183 241
183 244
183 245
183 251
183 262
183 264
183 276
183 285
183 286
183 289
183 292
183 294
183 298
183 299
183 300
184 206
184 213
184 229
184 239
184 249
184 250
184 251
184 252
184 256
184 257
184 263
184 264
184 270
184 272
184 273
184 275
184 276
184 278
184 281
184 284
184 285
184 289
184 297
184 298
184 299
185 204
185 205
185 206
185 207
185 208
185 211
185 212
185 215
185 220
185 222
185 223
185 231
185 233
185 236
185 241
185 244
185 251
185 275
185 284
185 285
185 286
185 287
185 288
185 289
185 292
185 294
185 297
185 298
185 299
185 300
186 204
186 205
186 206
186 207
186 212
186 213
186 214
186 215
186 218
186 219
186 220
186 221
186 222
186 223
186 230
186 231
186 232
186 233
186 236
186 238
186 239
186 240
186 241
186 244
186 245
186 251
186 262
186 264
186 275
186 276
186 281
186 285
186 286
186 289
186 292
186 294
186 298
186 299
186 300
187 204
187 206
187 207
187 212
187 214
187 215
187 220
187 222
187 223
187 231
187 233
187 236
187 238
187 241
187 244
187 276
187 281
187 283
187 284
187 285
187 286
187 287
187 288
187 289
187 292
187 293
187 294
187 297
187 298
187 299
187 300
188 204
188 205
188 207
188 208
188 211
188 215
188 220
188 222
188 223
188 233
188 235
188 236
188 237
188 239
188 242
188 284
188 285
188 286
188 287
188 288
188 289
188 291
188 293
188 297
188 299
188 300
189 202
189 204
189 207
189 211
189 212
189 215
189 218
189 220
189 229
189 234
189 236
189 240
189 255
189 270
189 292
189 295
189 299
190 203
190 204
190 208
190 211
190 213
190 215
190 218
190 220
190 222
190 231
190 236
190 239
190 243
190 252
190 256
190 281
190 284
190 285
190 286
190 288
190 291
190 292
190 293
190 299
190 300
191 204
191 205
191 208
191 211
191 215
191 220
191 222
191 223
191 226
191 233
191 235
191 236
191 239
191 242
191 251
191 281
191 284
191 285
191 286
191 287
191 289
191 292
191 293
191 298
191 299
191 300
192 201
192 202
192 203
192 204
192 205
192 206
192 207
192 208
192 209
192 211
192 212
192 213
192 214
192 215
192 216
192 218
192 219
192 220
192 221
192 222
192 223
192 224
192 228
192 231
192 232
192 233
192 234
192 236
192 237
192 238
192 239
192 241
192 243
192 244
192 245
192 254
192 281
192 284
192 285
192 286
192 287
192 288
192 289
192 291
192 292
192 294
192 297
192 299
192 300
193 215
193 220
193 222
193 223
193 229
193 251
193 259
193 270
193 276
193 278
193 281
193 284
193 285
193 289
193 292
193 294
193 297
193 298
193 299
193 300
194 205
194 211
194 212
194 220
194 222
194 229
194 236
194 251
194 254
194 258
194 276
194 281
194 285
194 286
194 291
194 292
194 294
194 297
194 299
194 300
195 203
195 204
195 205
195 206
195 207
195 208
195 209
195 210
195 211
195 212
195 213
195 214
195 215
195 216
195 218
195 220
195 221
195 222
195 223
195 228
195 230
195 231
195 233
195 236
195 238
195 239
195 240
195 241
195 243
195 244
195 245
195 263
195 281
195 283
195 284
195 285
195 286
195 287
195 289
195 291
195 292
195 294
195 297
195 298
195 299
195 300
196 202
196 203
196 204
196 205
196 206
196 209
196 211
196 212
196 213
196 214
196 215
196 216
196 218
196 220
196 221
196 222
196 223
196 226
196 228
196 230
196 231
196 233
196 234
196 236
196 238
196 239
196 240
196 242
196 244
196 269
196 284
196 289
196 293
196 294
196 295
196 300
197 229
197 236
197 249
197 284
197 285
197 289
197 292
197 293
197 298
197 299
197 300
198 201
198 204
198 205
198 206
198 207
198 209
198 212
198 213
198 214
198 215
198 216
198 218
198 219
198 220
198 221
198 222
198 223
198 224
198 230
198 231
198 232
198 233
198 236
198 238
198 239
198 240
198 241
198 244
198 245
198 256
198 263
198 276
198 281
198 283
198 285
198 286
198 287
198 288
198 289
198 291
198 292
198 294
198 297
198 298
198 299
198 300
199 202
199 204
199 205
199 206
199 207
199 212
199 213
199 214
199 215
199 216
199 218
199 220
199 221
199 222
199 223
199 230
199 231
199 232
199 233
199 234
199 236
199 238
199 239
199 241
199 244
199 245
199 254
199 276
199 281
199 284
199 285
199 286
199 287
199 289
199 293
199 294
199 297
199 298
199 299
199 300
200 204
200 205
200 206
200 207
200 212
200 213
200 214
200 215
200 218
200 220
200 222
200 223
200 231
200 233
200 234
200 236
200 238
200 241
200 244
200 276
200 281
200 284
200 285
200 287
200 288
200 289
200 293
200 298
200 299
200 300
201 229
201 251
201 255
201 269
201 276
201 282
201 293
201 295
201 296
202 229
202 252
202 264
202 269
202 270
202 275
202 284
202 285
202 288
202 289
202 290
202 294
202 295
203 229
203 246
203 247
203 249
203 251
203 252
203 253
203 256
203 259
203 264
203 266
203 269
203 270
203 275
203 276
203 278
203 285
203 290
203 293
203 296
204 229
204 249
204 251
204 264
204 269
204 275
204 276
204 282
204 290
204 293
204 295
204 296
205 229
205 246
205 249
205 256
205 264
205 269
205 272
205 282
205 290
205 293
205 295
205 296
206 229
206 246
206 264
206 269
206 275
206 276
206 282
206 290
206 293
206 295
206 296
207 229
207 246
207 249
207 256
207 264
207 269
207 282
207 290
207 295
207 296
208 229
208 263
208 269
208 276
208 278
208 282
208 290
208 293
208 295
208 296
209 229
209 259
209 270
209 276
209 282
209 290
209 293
209 295
209 296
210 229
210 275
210 276
210 284
210 289
210 292
211 229
211 264
211 269
211 275
211 276
211 277
211 280
211 284
211 289
211 292
211 294
212 229
212 269
212 275
212 280
212 282
212 290
212 293
212 295
212 296
213 229
213 246
213 251
213 264
213 268
213 269
213 282
213 290
213 295
214 229
214 269
214 275
214 282
214 290
214 293
214 295
214 296
215 229
215 246
215 255
215 262
215 264
215 265
215 268
215 269
215 272
215 275
215 280
215 282
215 290
215 293
215 295
216 229
216 289
216 294
216 295
217 229
217 251
217 255
217 266
217 275
217 276
217 284
217 289
217 294
218 229
218 269
218 282
218 285
218 293
218 295
218 296
219 229
219 251
219 270
219 272
219 275
219 276
219 278
219 282
219 290
219 293
219 295
219 296
220 225
220 229
220 246
220 249
220 250
220 252
220 255
220 256
220 258
220 263
220 264
220 265
220 269
220 272
220 273
220 275
220 277
220 280
220 282
220 290
220 295
220 296
221 229
221 251
221 255
221 272
221 275
221 278
221 282
221 290
221 293
221 295
221 296
222 229
222 246
222 247
222 249
222 250
222 257
222 264
222 269
222 272
222 277
222 282
222 290
222 293
222 295
222 296
223 229
223 246
223 249
223 252
223 253
223 256
223 264
223 269
223 272
223 275
223 276
223 282
223 290
223 293
223 296
224 229
224 249
224 264
224 269
224 270
224 272
224 275
224 278
224 282
224 293
224 295
224 296
225 229
225 246
225 248
225 251
225 256
225 264
225 275
225 276
225 285
225 293
225 298
226 229
226 253
226 266
226 267
226 284
226 289
226 292
226 294
227 229
227 290
227 293
227 296
227 298
228 229
228 247
228 250
228 251
228 269
228 275
228 276
228 282
228 285
228 290
228 293
228 296
229 230
229 231
229 232
229 233
229 234
229 235
229 236
229 237
229 238
229 239
229 240
229 241
229 242
229 243
229 244
229 245
229 275
229 276
230 251
230 264
230 269
230 275
230 282
230 290
230 293
230 295
230 296
231 249
231 269
231 272
231 282
231 290
231 293
231 295
231 296
232 246
232 251
232 253
232 259
232 263
232 264
232 268
232 269
232 270
232 275
232 278
232 282
232 290
232 293
232 295
232 296
233 256
233 264
233 269
233 272
233 275
233 276
233 282
233 290
233 295
233 296
234 269
234 275
234 284
234 289
234 290
234 294
234 295
235 246
235 247
235 249
235 250
235 252
235 253
235 256
235 258
235 264
235 266
235 275
235 276
235 285
235 289
235 290
235 300
236 269
236 282
236 290
236 293
236 295
236 296
237 246
237 249
237 256
237 258
237 259
237 263
237 264
237 269
237 270
237 274
237 275
237 278
237 289
237 290
237 295
237 296
238 269
238 275
238 282
238 290
238 293
238 295
238 296
239 246
239 253
239 262
239 268
239 269
239 272
239 273
239 282
239 285
239 290
239 293
239 295
239 296
240 269
240 289
240 290
240 293
240 295
241 246
241 251
241 255
241 264
241 265
241 269
241 272
241 273
241 275
241 280
241 282
241 290
241 293
241 295
241 296
242 253
242 266
242 276
242 281
242 284
242 285
242 289
242 298
243 248
243 251
243 256
243 259
243 263
243 264
243 269
243 274
243 275
243 276
243 280
243 282
243 293
243 295
243 296
244 246
244 255
244 265
244 269
244 272
244 273
244 275
244 280
244 282
244 290
244 293
244 295
245 269
245 275
245 282
245 290
245 293
245 295
245 296
246 247
246 248
246 249
246 250
246 252
246 253
246 254
246 255
246 256
246 257
246 258
246 260
246 261
246 262
246 263
246 264
246 265
246 266
246 267
246 268
246 269
246 271
246 272
246 274
246 275
246 276
246 277
246 278
246 279
246 280
246 295
247 251
247 259
247 261
247 262
247 266
247 269
247 270
247 273
248 251
248 259
248 261
248 262
248 266
248 269
248 270
248 273
249 251
249 259
249 261
249 262
249 266
249 269
249 270
249 273
249 295
250 251
250 259
250 261
250 262
250 266
250 269
250 270
250 273
251 252
251 253
251 254
251 255
251 256
251 257
251 258
251 260
251 261
251 262
251 263
251 264
251 265
251 266
251 267
251 268
251 269
251 271
251 272
251 274
251 275
251 276
251 277
251 278
251 279
251 280
252 259
252 261
252 262
252 266
252 269
252 270
252 273
252 288
253 259
253 261
253 262
253 266
253 269
253 270
253 273
254 256
254 259
254 261
254 262
254 266
254 269
254 270
254 273
254 284
254 288
254 293
254 295
255 259
255 261
255 262
255 266
255 269
255 270
255 273
255 290
256 259
256 261
256 262
256 266
256 269
256 270
256 273
257 259
257 261
257 262
257 266
257 269
257 270
257 273
258 259
258 261
258 262
258 266
258 269
258 270
258 273
258 290
258 292
258 295
258 299
259 260
259 261
259 262
259 263
259 264
259 265
259 266
259 267
259 268
259 269
259 271
259 272
259 274
259 275
259 276
259 277
259 278
259 279
259 280
260 261
260 262
260 266
260 269
260 270
260 273
261 263
261 264
261 265
261 267
261 268
261 269
261 270
261 271
261 272
261 273
261 274
261 275
261 276
261 277
261 278
261 279
261 280
262 263
262 264
262 265
262 268
262 269
262 270
262 271
262 272
262 273
262 274
262 275
262 276
262 277
262 278
262 279
262 280
263 266
263 269
263 270
263 273
263 287
263 288
263 293
264 266
264 269
264 270
264 273
264 288
265 266
265 269
265 270
265 273
266 267
266 268
266 269
266 270
266 271
266 272
266 273
266 274
266 275
266 276
266 277
266 278
266 279
266 280
267 269
267 270
267 273
267 288
268 269
268 270
268 273
269 270
269 271
269 272
269 273
269 274
269 275
269 276
269 277
269 278
269 279
269 280
269 290
269 293
269 296
270 271
270 272
270 274
270 275
270 276
270 277
270 278
270 279
270 280
271 273
271 290
272 273
273 274
273 275
273 276
273 277
273 278
273 279
273 280
275 295
281 282
281 284
281 290
281 293
281 295
281 296
282 283
282 284
282 285
282 286
282 287
282 288
282 289
282 291
282 292
282 294
282 297
282 298
282 299
282 300
283 284
283 293
283 295
283 296
283 298
284 285
284 290
284 293
284 296
285 290
285 293
285 295
285 296
286 290
286 293
286 295
286 296
287 293
287 295
287 296
288 293
288 296
289 290
289 293
289 295
289 296
290 291
290 292
290 294
290 297
290 298
290 299
290 300
291 293
291 295
291 296
292 293
292 295
292 296
293 294
293 297
293 298
293 299
293 300
294 295
294 296
295 297
295 298
295 299
295 300
296 297
296 298
296 299
296 300
